20.382351671716137
19.717221388365523
18.5931021148444
18.36733656010762
18.919682544939313
19.07523501641644
18.18504676507785
18.59162474403825
18.810295939806068
18.562901184328968
18.625261110135966
18.807344968929307
19.105463347958626
19.205686116110304
21.500332505270563
20.978439170680026
20.096036088958734
20.051842917891506
20.736591351574216
20.639831263564464
19.885243878356874
20.328472957367214
20.468107110666388
20.362003958390826
20.371318079233994
20.539121695149714
20.775769501064893
20.83859727164248
22.76356900246708
22.208332059378918
21.242953440462845
21.2498446834207
22.029811232048775
21.85215032730402
21.07084934825045
21.55497557399653
21.67471298679098
21.57179178507193
21.605385278126857
21.760076975968726
22.034533817989697
22.130185850169177
23.590657932522472
23.096315496728245
22.124674136283705
22.159502219762807
23.046039468717215
22.781163134132967
22.030727418479927
22.548736229591242
22.63913084989479
22.596235998120562
22.6367318480014
22.77837404335742
23.078585400396115
23.187231576198517
24.129943122921556
23.73096869333056
22.778608707629648
22.81309500619384
23.783888985532474
23.451244739488207
22.767685873963337
23.304788811904224
23.367645962985755
23.42114722816147
23.462822755525817
23.587730920156275
23.90841476217271
24.019433565793374
24.70637193919491
24.331003812438198
23.337508373209122
23.372440613224448
24.431546196198997
24.05747950706524
23.385473800446533
23.96086460865859
24.013252277646934
24.10642293762995
24.156323295678018
24.270631167372624
24.623198691797924
24.750844970485964
25.13259459259173
24.780844149299103
23.770812201798037
23.81482658874474
24.933980452828642
24.52505487818937
23.87547268698184
24.477790872334182
24.519854803190366
24.65669376845065
24.708890947615227
24.812084177874578
25.180155751843554
25.318399905400387
25.44078529748413
25.116827720336712
24.124335011305064
24.185846383136663
25.335157215529488
24.89275743327156
24.28873968293993
24.901868687302017
24.930244425632672
25.134232268063414
25.18317651861008
25.270055693147054
25.636345013829533
25.776075354996433
25.74477401721531
25.42955802077043
24.443777733068362
24.531572644440196
25.709789167519357
25.237653800016687
24.66277081332806
25.288530132327093
25.306253922620666
25.55777110613412
25.604060952290492
25.678666299587054
26.040376697226762
26.184698466135977
26.019295421342452
25.707026315955368
24.72479345058291
24.837009107919243
26.04166654522271
25.544969380663982
24.988522994578272
25.629784663648167
25.63944161411794
25.92254722037681
25.966183014785443
26.031751131551705
26.387715930546225
26.539101004633654
26.26227530501772
25.94514921462514
24.97237346365419
25.111405850325657
26.33146588744331
25.812216804936615
25.271514663026693
25.923207410348603
25.92510515032379
26.231167320514647
26.273348332263048
26.330277891492944
26.679139735355356
26.835532453023962
26.463120422349547
26.148825152791147
25.194038640238986
25.3525852138753
26.56992559210811
26.0310929512536
25.524231141911823
26.174021583599284
26.166576642923378
26.517947934524226
26.559839284373982
26.604455134215446
26.945035713592688
27.103447022166737
26.671796801008576
26.34588446965965
25.39044720284412
25.575503763869882
26.813537980261458
26.2575879521652
25.748584352668896
26.41367922237117
26.401300081982132
26.750947461873455
26.791609441590673
26.833751431929695
27.17025703573361
27.335688999535403
26.853043592492646
26.522051195657014
25.57873507250321
25.782547289154657
27.017546016578812
26.446110481897623
25.955497186344246
26.621193965466112
26.601669665606583
26.97333903618438
27.015516301632896
27.05090634245228
27.38294781141502
27.551722336100593
27.01457337959452
26.676998359381383
25.7460123214601
25.968130068659562
27.203657640603865
26.617972330900518
26.14126670989416
26.80998797183965
26.78386656006193
27.171593340545627
27.21417828253374
27.24299836797681
27.57160886389499
27.7431529738945
27.18270995231653
26.829697160175158
25.901652340686795
26.145782963356247
27.3927457049537
26.792964030228813
26.31525232304679
26.99386654207884
26.962434791858684
27.346657917095985
27.389337814709233
27.41669598342703
27.74385729798867
27.919651715070803
27.332425044691693
26.96069719546853
26.03209135497767
26.2995291523368
27.560566120579402
26.949390083140457
26.457308559901556
27.150394883204406
27.115498089117914
27.478520482774353
27.521585907896768
27.552294844831607
27.88133186273834
28.06114461337173
27.4725809264515
27.096815899903245
26.185381437447358
26.466558241368705
27.717655066805396
27.092841701835557
26.629260867962934
27.31574478875678
27.27224462735629
27.67069389178827
27.716464093438677
27.73708609644443
28.064247394451154
28.244303176691467
27.59396928671635
27.214981967375465
26.31357879764761
26.607296263952616
27.85536973795783
27.220669772809817
26.76790656807385
27.456056789400087
27.406625477016107
27.819044701184815
27.866222700924993
27.88295517346253
28.209657091527944
28.3918053233973
27.727405646005472
27.32963256619867
26.433769547173767
26.748570719210864
27.998877626403033
27.35290739041957
26.90043342431008
27.592839171244748
27.53784037579272
27.946085767412438
27.995547407561734
28.010433368172546
28.339140567828675
28.52284753063419
27.836597457671687
27.433142796615257
26.541117562966168
26.87075533203302
28.128470166254697
27.474066678469615
27.01906362600082
27.720089043895157
27.66054219968525
28.067865522828345
28.117273830608926
28.13231146003399
28.460735258284668
28.647753788152734
27.952236646820808
27.531935276778885
26.649826918358624
26.99620629178904
28.24777479669014
27.58325537692208
27.138523660562807
27.837661615537513
27.772044782237273
28.186129872480034
28.238899213550322
28.24956005086415
28.57991806659099
28.766665760069284
28.05486970270593
27.630486596795436
26.750117798130248
27.112701834010107
28.375779053744814
27.70227502695842
27.252881561812973
27.962577556320284
27.8916815699155
28.30587410430964
28.35782962346457
28.369526381506223
28.701656491094262
28.891372730549612
28.145736217203094
27.70985237244028
26.8325863702588
27.21156936746949
28.479669661041278
27.798671896633195
27.345631444087257
28.062316402969273
27.98734264463722
28.3960074979762
28.448051954724452
28.4603308332172
28.793508883477827
28.98451716158909
28.220146743522243
27.78989723220824
26.926492653021487
27.310064949722467
28.56213836305675
27.875680156407174
27.447604578048807
28.155966399190778
28.074835322345294
28.518036500603994
28.571956749619368
28.577527023762176
28.909588972390118
29.10104171614514
28.30121024512261
27.865581121940018
27.011033663329215
27.406147229321043
28.64964131941421
27.95674102944437
27.54145902721691
28.24665659504404
28.160033454728943
28.619237402864513
28.675320392718604
28.67735304446187
29.00961163580405
29.201306095739287
28.3675926787137
27.92766858624111
27.078600314057983
27.485494572910298
28.722752601482988
28.02586165993715
27.61202910852222
28.31768693041604
28.227707756474082
28.68611647665469
28.743429101122725
28.745281631332038
29.077882275649692
29.270778130934865
28.46723661205385
28.009401634193708
27.15664639221859
27.585032730835877
28.846344685326038
28.13803115108637
27.708499662329935
28.43149514933544
28.335997529242533
28.781875987394596
28.838294493079626
28.843637690459584
29.182113765710046
29.376269010657687
28.535942425933683
28.07754256661783
27.229018869714206
27.667850455451727
28.92606435322515
28.212380582884915
27.790549331518548
28.513329064719148
28.413055938676635
28.873096875782302
28.930050381379623
28.93316408397993
29.270710835560443
29.46622216180077
28.59943096899444
28.1313105457238
27.28996654103516
27.74122658922709
28.99434189814292
28.274970788016237
27.858822600517254
28.58069814525499
28.475763133072103
28.94052317403815
28.9996997971489
29.001234858932857
29.340542687746513
29.53571788540623
28.660181800473914
28.19437896102393
27.361954010762535
27.821378369408592
29.06617968317293
28.341839770679332
27.9395270622274
28.657742086192354
28.547905856699053
29.034837067529537
29.09504682852621
29.09175577687198
29.42995870191186
29.626756069633554
28.727191445527765
28.251653395476104
27.415562907463862
27.891120451269195
29.1515075544446
28.420311007264782
28.006263795606205
28.736366780897903
28.622954728969276
29.0998973693403
29.158992970087795
29.158648911066724
29.49892890605703
29.69733088014968
28.782771364931424
28.29470530657691
27.46094541116916
27.947542810635323
29.20998695169542
28.474652912800025
28.055956296302302
28.790820790224657
28.674716828653327
29.14140871258145
29.201144692939042
29.201144858736317
29.54482495465597
29.743488108849924
28.837648571699383
28.34354436295603
27.511703408431856
28.008604538195925
29.27407056281995
28.533836290927102
28.116985214003932
28.85524189167153
28.735571235759544
29.2076183827433
29.267064105770203
29.26641620130766
29.61122362701607
29.810300801618713
28.856870847650814
28.37571698090404
27.564409309921587
28.063452381667027
29.29089697491285
28.55039532407172
28.16948699430412
28.885420195513646
28.761536074830605
29.273394989981245
29.33739163678878
29.328213198676142
29.66596665394964
29.864718726247585
28.929110041327768
28.437105166539187
27.61829832238202
28.133078334526644
29.385179229182135
28.635989546572844
28.23976477749062
28.972135422788796
28.843632590217382
29.351669039055924
29.413547198646942
29.407350735352527
29.74976966645138
29.95006963180117
28.964027059034827
28.473241418686207
27.65708956616888
28.179008568865488
29.427046443366027
28.675826409130337
28.283143118095694
29.015142581846327
28.88418627955179
29.398530280918415
29.460535570350885
29.453668205055298
29.79450227799786
29.995884032115217
29.014167491238624
28.517722408850084
27.705448042749833
28.237903295162088
29.487480046792676
28.731005524646122
28.341298117471357
29.07543096701194
28.94076676061878
29.46096308345874
29.523209717785665
29.514812011282757
29.85635778922437
30.05851412290651
29.038322707657432
28.54184773122975
27.731700354673126
28.269882518415095
29.519861469018657
28.76148233358305
28.372772110643325
29.109395994498712
28.972364142744922
29.495937794144844
29.55774819042284
29.550636127727756
29.892097278886613
30.09402322608126
29.088214429333405
28.583669399196676
27.777991217036533
28.32783744927189
29.58203811987127
28.81791363375666
28.428720577317034
29.1696176834662
29.02923917025473
29.55132001038096
29.61351891970372
29.60431893797228
29.946832858577757
30.15022506553341
29.13522210355567
28.61969248182279
27.80582975849661
28.367415350291544
29.640194265883906
28.87107495989981
28.469735346784095
29.222424914373672
29.079633859622675
29.592799084310496
29.652879461103964
29.647133815505907
29.993280830584812
30.196489653276277
29.154132094906217
28.64274569827959
27.843966099126558
28.409854914075808
29.656417409686902
28.886269941426573
28.509016217895972
29.247186785777227
29.100855104294265
29.63937852473699
29.702472688069143
29.691034402376904
30.03323500202745
30.23639792325943
29.196221813311062
28.68063322309707
27.880703833232573
28.45643382336224
29.709795919996747
28.935062704761183
28.553838372787656
29.296972499484973
29.148004678429995
29.688247308053132
29.750997476362464
29.739335838778718
30.081761414721935
30.286444469868798
29.21677774329035
28.697965439257224
27.899838463509372
28.481815996400098
29.73716991108385
28.960988167574087
28.575558603078147
29.32250572896523
29.172694600373923
29.70217306971447
29.764971807229145
29.75452858707189
30.097900821213404
30.303335187454305
29.25949214091837
28.731213638400718
27.92663340136936
28.520225411025564
29.791670352133583
29.009912307363265
28.616185217488145
29.37254837214131
29.219843533455453
29.746377339544733
29.807538795949995
29.799177253344343
30.145284166365343
30.350427622167864
29.286198801196775
28.761409992010222
27.963762266923624
28.563872641734918
29.829620535580762
29.044553873041835
28.659679988113396
29.413724217958183
29.257942172735202
29.800130129397324
29.86189880792925
29.85035725187546
30.193168198830588
30.399902407833185
29.285222237034535
28.75697851227615
27.964728692303954
28.56587700709821
29.80998499037226
29.02831626163764
28.64955182641606
29.392973562800712
29.237420417000788
29.773300491213252
29.83862983635762
29.827336784424606
30.168141566103756
30.373856433192003
29.319914440688404
28.796455445947977
28.006682280738673
28.616804095861667
29.870322490800515
29.082908024686393
28.708883438546316
29.45738073145875
29.29827347950616
29.853938239031727
29.916966169206646
29.903235399339135
30.24205781458413
30.449688337432203
29.349062025549244
28.822567390477715
28.037935681106816
28.65551169250055
29.908301514456504
29.117257119358673
28.748371028598427
29.497728988323146
29.33595444860615
29.898520230104896
29.961290753736808
29.945431656344923
30.284992504261222
30.493206505490665
29.374881329866618
28.844230807778125
28.058187961953994
28.682635918639143
29.941981062535405
29.148007052264372
28.773051286884247
29.527613915412317
29.364256048279167
29.922248082908872
29.984876497535257
29.969703589914243
30.309581441997217
30.518987869861217
29.386523325103088
28.857446134506787
28.07113017693915
28.696606649416385
29.953949411626162
29.159876547179262
28.788468379044097
29.541982364801655
29.377579565197728
29.94373461851876
30.00601388370776
29.99107524925961
30.330928453499645
30.539936697177666
29.407712309719116
28.871990677520483
28.08850714310466
28.72247841668521
29.979939821577812
29.183434490783554
28.80857437935654
29.564160194023472
29.399053642046297
29.951781043724452
30.014981267927055
30.000417752382543
30.342073370261264
30.552093053544848
29.42597493444445
28.89512464818484
28.118413626482262
28.755860318689326
30.00808028143656
29.208619226089514
28.84718276419937
29.600233636734067
29.43193946253369
30.00997089997076
30.072631680378876
30.054210900913507
30.391737229154607
30.602136686444208
29.447616436519034
28.908512050565907
28.127380875415355
28.77434811790506
30.032666490836778
29.230792711863632
28.85924927044809
29.616708204940466
29.44784220169454
30.011397562658704
30.074308898884397
30.05830465500865
30.397886851285673
30.60830878138413
29.448927178200943
28.911789733072276
28.13584569844075
28.780520554693776
30.026439193247995
29.22684593070524
28.86319316988379
29.614829619806848
29.446571618575508
30.009071246633674
30.07302072853736
30.056221916993405
30.39747216619907
30.608047393704677
29.47601766926255
28.940335686309687
28.16616179020606
28.82032502327437
30.0742979242962
29.268944224179297
28.909768821920036
29.665692340435236
29.49323001495862
30.07554962431745
30.13818853113728
30.119153683173845
30.456396544590994
30.66806236260496
29.495432707466914
28.951947784335143
28.177141266846814
28.83760566484574
30.095565566106735
29.288259280808234
28.92286016416571
29.682481914722047
29.50956161612759
30.07947456845208
30.14229688670739
30.124409244025845
30.465549090680636
30.677403082236037
29.508183828412427
28.965646620004165
28.186505850244643
28.84812758899422
30.10932439478676
29.301362567715305
28.934158941891376
29.695182824223906
29.521300395710966
30.097879823032407
30.160242232585198
30.143197156935674
30.483627844112245
30.695565456017142
29.52754758168663
28.98316211350911
28.21133457940395
28.87899790275673
30.137583373948935
29.32647354621437
28.965502460518515
29.726437140277206
29.550315286542215
30.13464940079633
30.197086552662256
30.177494415397817
30.517324889293903
30.730240195608765
29.52794107912983
28.99144602683146
28.22443820173466
28.892913117072496
30.14002887303041
29.32963821852014
28.978157545872445
29.73254928857569
29.555776322599513
30.15279213879058
30.21579108920905
30.194533451613804
30.530216899852878
30.744108307139197
29.534533652061437
28.99433876174356
28.23186295329589
28.904721591009483
30.14487559066442
29.334290007483133
28.98145576011503
29.733556650248033
29.556520960165738
30.142641414563162
30.207427498589787
30.186068196842154
30.52152139401023
30.736302447237232
29.53158655321839
28.99800393688439
28.24040290366681
28.91390260250843
30.139936010640838
29.3310315855479
28.99042159218763
29.734246894732955
29.55692558562555
30.156207464626572
30.221443965104097
30.19841703239069
30.531511711483752
30.74603896387465
29.576706711373404
29.02558696239925
28.259191414995243
28.94303378125143
30.197592339633683
29.381199926063726
29.02360857668874
29.78464093881629
29.604739604693478
30.19088122555492
30.2543302226463
30.233579479735244
30.574648897257212
30.78911093997917
29.579053506480555
29.027429175853953
28.253164040564673
28.936947703630658
30.19586524494041
29.380400547627783
29.019062449469363
29.7816677803259
29.602106272708472
30.18648966427769
30.249501144116163
30.231090130646255
30.574603212308627
30.787851687961467
29.596688747530404
29.045549436156364
28.277318966106378
28.966872323973497
30.226507295078783
29.407958995895026
29.045988359252046
29.810497259768553
29.629146990539837
30.21632368149302
30.279414198115035
30.25933271157074
30.601863972608722
30.817316759375412
29.616621160737957
29.053503607750148
28.27849850357082
28.9771480961424
30.248842772958135
29.42722118812115
29.056043642926813
29.827492340788147
29.64484176186458
30.21752747167208
30.28045592891074
30.26265580857635
30.608779287006612
30.823441268982783
29.618864840339807
29.066790557092347
28.301659759943973
28.99690798234309
30.255022448194232
29.433462567733613
29.082859158928176
29.84604253062369
29.66190363311251
30.266331276536796
30.32881612723622
30.306332025599442
30.647961460427062
30.86352867027006
29.599486625577608
29.059287689143396
28.305533139639156
28.997192230510333
30.228762453290706
29.411448574424583
29.074664812011246
29.824088768031338
29.640845449814872
30.25558767899555
30.320170119775092
30.295535254090975
30.630897203257113
30.847665457081185
29.63774849879357
29.073716324608792
28.306937524216096
29.01321873849097
30.273425357660358
29.449753318996617
29.08756576363343
29.854709462877754
29.670278404931043
30.248852185652492
30.313013940272427
30.29300982627635
30.63749961189403
30.853509974771423
29.650997275423563
29.09431512251836
28.33028919603034
29.03842859268079
30.300040352394955
29.473789627480866
29.12007330112035
29.88763496200637
29.700713563198818
30.302256309341193
30.36527147099557
30.34259604106322
30.68454419328573
30.90162362100358
29.631301654536415
29.08130388641336
28.331990544083542
29.03891144770749
30.26544580881358
29.443811830229482
29.109567860617744
29.85920128309668
29.673313149031358
30.276912137674778
30.343616491603026
30.318336519662456
30.65460918738675
30.872734705015947
29.66682652348958
29.1042631720576
28.339009739058564
29.054152780673363
30.319724834388115
29.491415590296565
29.132147111740753
29.902812415840643
29.7155723426623
30.306655508778636
30.36979670221459
30.348043701063276
30.69377403805504
30.910918982937613
29.66088162536378
29.108488058829852
28.35341144823866
29.067761008930592
30.311364098546356
29.484684303793745
29.143158353045642
29.901298219393702
29.713262091145673
30.32626397636784
30.390837397286894
30.365573754190006
30.703783900348178
30.922310398806996
29.68545847685275
29.11577828882782
28.349404127763975
29.070825979638318
30.34050996866615
29.509726904056127
29.14913237682791
29.922866419759636
29.734086893977537
30.319606310367725
30.383108687222133
30.36167291016581
30.710274136037
30.927617341228466
29.680332465700133
29.12073302902224
28.363458079682573
29.08729050562147
30.33762376504462
29.507801632001275
29.16131847640525
29.92455184709962
29.73476685853258
30.339065726576013
30.403674012203666
30.379541290596325
30.721222374241435
30.939843626483192
29.6885770662275
29.13084321967934
28.37573254067969
29.097223293489087
30.34559644023899
29.5153242466251
29.173163046499724
29.935131947187088
29.744733283126102
30.357950914790507
30.422910210860667
30.39724892605543
30.738444792344996
30.957821000106243
29.693926936570843
29.130007462618053
28.374862934464776
29.101625975044385
30.347134003553105
29.516987796604468
29.170561379954044
29.93202580921353
29.742351165901724
30.337105148074738
30.40309697959738
30.37912504043844
30.726026919530227
30.945302735290653
29.707937939288943
29.14011225454599
28.379810688545703
29.109488774573947
30.367870300285965
29.535094682138062
29.18218203080975
29.950519969254508
29.75980133068502
30.35424627913732
30.41889542699115
30.39553163696554
30.744601230121564
30.9636583382219
29.702846491074702
29.146462270425616
28.399138445622906
29.126380980180297
30.36432720956548
29.532630461838504
29.19697816838367
29.95545349791426
29.76365093979848
30.381770153003128
30.447845075211706
30.420477724086666
30.760977988309225
30.981816486418175
29.733090592665803
29.15936195464185
28.3960042711867
29.13309544419897
30.404433483892024
29.56730023304056
29.20840056315967
29.985036386095356
29.79201916852366
30.387195056794564
30.45119930500653
30.428030511864772
30.77776064190538
30.997782226048987
29.709025607460458
29.152569182379786
28.404349358821197
29.135388974916054
30.37123210354372
29.539044312632978
29.205961964987214
29.962355297958432
29.769767674879386
30.391527603364842
30.457660913841185
30.430406884809354
30.77122261385497
30.991870702086846
29.732341944190622
29.166989711057063
28.415705550637796
29.154585015233685
30.405314566539545
29.56856406530875
29.228035378835024
29.99317079529095
29.798839844591587
30.412025592173517
30.47726135254666
30.45033414179844
30.7952007230226
31.01645049263018
29.722015373954594
29.1587455301807
28.410322501483947
29.14693918184602
30.385022059385733
29.551352412270763
29.21463708754968
29.972671456250957
29.779446442783353
30.388879201668022
30.455811337633122
30.429060066157376
30.773862748279022
30.99481920627525
29.731727126344516
29.156464887277288
28.405148285756454
29.14853500011919
30.389904171265556
29.555104623290834
29.209668647525376
29.971347690305365
29.77812435953654
30.36739052220463
30.435104436656683
30.41048133433993
30.757183107233086
30.97793792143221
29.749214592332002
29.18094050022686
28.428855840987143
29.175898342049766
30.4287905984856
29.589664287615232
29.247356024284347
30.014796625898654
29.81929779309484
30.433054842821377
30.498097676876842
30.471331004025984
30.81956217771077
31.04083877697605
29.757723166033966
29.183986352668775
28.429607621230584
29.176719719119152
30.43457894217759
29.59482726479223
29.244039923587085
30.01634262637748
29.821068193444255
30.42164466718328
30.487516020847547
30.462237874793786
30.812382487730677
31.034600550779633
29.76851689861129
29.195898198136312
28.442322712615518
29.19282444924932
30.452510075683325
29.610593908913273
29.264752978170183
30.0374850597455
29.840416763837734
30.457134274619374
30.52173951155348
30.49476082955786
30.843264346296948
31.06539992045918
29.755252710021143
29.188850566875068
28.440191607072467
29.189354261136625
30.43240814140311
29.593732879141815
29.257304758575597
30.020173681795193
29.82401155986641
30.443448200801992
30.509262019035667
30.481943479368493
30.82971008378856
31.051583194343344
29.76950890492197
29.197712551261255
28.4483451032992
29.20388238320831
30.456818313337784
29.61432659993439
29.273433521675123
30.04332961741281
29.845290213352442
30.460371180724223
30.526217129105365
30.49851928019805
30.845435166215243
31.068305426808646
29.750704807031564
29.185107931796082
28.43561008672141
29.181673322397405
30.41778593434667
29.58128391799451
29.247512186329285
30.006061006767737
29.810970725185516
30.426669461020747
30.493854134506286
30.466911248090515
30.815710976638755
31.037489807839247
29.758247060975513
29.187778694161107
28.440988405978242
29.190702254736085
30.424779687561546
29.587243667473768
29.252010238636394
30.01084697712659
29.815600165359847
30.42346487859241
30.49130642217609
30.46397597844661
30.812829459415997
31.034928812053558
29.786872969978717
29.212978410725242
28.461897740534045
29.222301730026906
30.47835675516153
29.633629444314177
29.29170796599217
30.06314351633365
29.864202128982086
30.48125187782672
30.547025868995835
30.51874853845496
30.866575673359463
31.089946442801427
29.75756344808254
29.193683588681914
28.451150226465128
29.2024121125821
30.427054561429195
29.589662981160142
29.262861350437987
30.016809036902615
29.820723164469275
30.439969123288904
30.508327533130796
30.479862073172157
30.827438805769766
31.049790065388127
29.791339484778852
29.21945820887315
28.473013037820177
29.234317374943664
30.483395190806668
29.63843336307035
29.304500609050073
30.07267890660531
29.872917118849045
30.499707225155696
30.565293638436525
30.535899641319375
30.884021718396806
31.10750556405619
29.78781386552841
29.210302885525604
28.459448141986268
29.22348046762492
30.47476519071436
29.630594698920376
29.29191091973431
30.06060998055292
29.861283006901683
30.475846502459802
30.542106579051016
30.51466850311017
30.863416943097395
31.085827989454735
29.786818573601337
29.21227008759582
28.463135835505266
29.228779447969206
30.475966724776093
29.631875292254264
29.29833671457723
30.06456718455449
29.864692575018246
30.48471564148761
30.551014035031663
30.52302081191323
30.871216293690047
31.093877448810435
29.806468739128547
29.22791983861547
28.475235406459813
29.242361616104446
30.505352838636384
29.657750521371984
29.3136400253967
30.089504862572753
29.888770433225268
30.50290244977206
30.568324503957072
30.540607242076366
30.894714152093535
31.11859440356212
29.80890570276759
29.233553643003823
28.485966961102402
29.25616985516567
30.51259050238325
29.66403172491106
29.32861170644324
30.10081947252747
29.89905357129767
30.525904359674133
30.591147879888435
30.56146481893805
30.911145131740376
31.13521317016463
29.797268680004038
29.228159460854773
28.48649083212152
29.25128330282663
30.489822309082673
29.644844650349928
29.31937266642086
30.081639904909164
29.880807220629702
30.51427530100695
30.58108200986994
30.550626631896012
30.89803913656349
31.122055025497406
29.820744440439448
29.24153267056953
28.492067921539313
29.268236576956397
30.529764828382334
29.679123214890154
29.340025660288177
30.115102468203467
29.912561262404957
30.535214664965032
30.600277967876476
30.57129851030902
30.92335363867016
31.14770626694756
29.811170546244952
29.236791535609356
28.492197390432107
29.265756988556078
30.517676615890053
29.66862599155692
29.335409432519175
30.105424048695554
29.90317727764668
30.530540240068056
30.59661153951122
30.566500713711875
30.91523243789342
31.13982174240936
29.789552209260314
29.219702960843968
28.481904255284675
29.246378566277045
30.472275632834787
29.630030560056767
29.305158432352385
30.061455843882303
29.862788625268667
30.48195119574301
30.550848031340102
30.521450790320547
30.87072530046339
31.094145700536984
29.820078706652104
29.24328612794126
28.498597503102047
29.276015458486388
30.525988237787907
29.67643479552153
29.344296729980872
30.11414731368301
29.912030522896412
30.535625354369348
30.60200875620525
30.57248066185637
30.924112154967563
31.148810144970792
29.814279902406223
29.239106247092813
28.49784170717773
29.27587085878102
30.51705914917619
29.66861598051641
29.34024645271103
30.105874449355706
29.9035367145551
30.528212851115967
30.595682696006165
30.565835996678747
30.914448121679268
31.138836692883977
29.824164100429957
29.241642261010284
28.49278114963721
29.274699039485533
30.529343208694637
29.67880901005969
29.340911450817718
30.113743794333175
29.91111484248085
30.526812924079774
30.593355713749087
30.564905367205
30.916928520622932
31.141241634384794
29.830180135358706
29.252058869120383
28.504945142996366
29.28283471839685
30.53755496704299
29.68652408944527
29.35294208464178
30.12573709910726
29.922385859326173
30.552403492035143
30.618396406668136
30.588383824690734
30.939295464448247
31.16448266158054
29.819740067985304
29.241992657556764
28.4953012807012
29.274372754749187
30.52177690687393
29.67258986585178
29.34133883953516
30.108979061850118
29.906159763630576
30.53268856544674
30.599553428603574
30.57038640135204
30.920906282390714
31.144984157467956
29.836914859719464
29.258046958289572
28.515023740741057
29.302044683373826
30.551884244068493
29.699002494779645
29.370659500889186
30.140852340402294
29.936089263418808
30.56477894794193
30.631258821478358
30.60031006712293
30.951121249883574
31.176844830834266
29.832776788492485
29.255907963959533
28.510931205316705
29.295122761979375
30.545177393476642
29.693128243864802
29.363673951233356
30.132967672240852
29.928862691465707
30.56053133410058
30.627094173535625
30.59627706878851
30.945789137983148
31.17080762277241
29.842779468256072
29.26284448589528
28.51514346109734
29.30412881244631
30.563778937179098
29.709318180792867
29.37477069530464
30.149960321118698
29.944971332613495
30.57349391898333
30.639278007156687
30.608868751788506
30.960592200093433
31.18630552140073
29.841788218581875
29.261119698761927
28.518118739784352
29.303217955559262
30.55620089446876
29.703041025016706
29.37018768965796
30.14310876947671
29.938685592783756
30.56197797365104
30.62893689563982
30.598512217537017
30.950624111100808
31.176904683447503
29.845998298009366
29.265578848804914
28.51900848603364
29.308081128664785
30.56875572655042
29.71369309090583
29.379100302706416
30.154689085314267
29.949363514282133
30.578735544879112
30.644470898269848
30.613797760064774
30.965919856792386
31.191957318403265
29.810234496545434
29.236698333357317
28.49996294088056
29.27754837188492
30.4984922196358
29.653304092667426
29.335864132494482
30.090093699651813
29.88842299134955
30.513581609819965
30.583727819906322
30.553954166778343
30.901059873429404
31.12507675836059
29.817494016853743
29.241545671365607
28.505043596105153
29.28508265235328
30.508319227216997
29.662023087470903
29.338312773271163
30.09508372070337
29.894316857458154
30.506656991411973
30.577318681036914
30.54764339843423
30.89872988181299
31.12417476824194
29.835800649745615
29.255571279924716
28.51413702474547
29.300816366848977
30.54085348913919
29.68986584024459
29.363233451735844
30.12924042512841
29.92518411360556
30.547701694955776
30.616238606216044
30.58621991713262
30.936194582539688
31.161586030516094
29.850301653063344
29.27052784238498
28.528268465736375
29.321735557682448
30.5730094273217
29.717809911083776
29.388859488278797
30.16053318643008
29.955093524964823
30.58361558759463
30.65027402280914
30.61885864212697
30.97172331990022
31.19778227135939
29.83334433294559
29.258591050889535
28.517270349116814
29.300086160827828
30.538263260325444
29.687999002782874
29.361864725660386
30.126014503316235
29.922806540778375
30.551241452931908
30.619701350989285
30.588746545794027
30.94048260657652
31.16614306759384
29.83183102506696
29.25989968077021
28.524977363704853
29.30841750731846
30.535988820732417
29.68619817543161
29.369260308610333
30.128241035777535
29.92473499053733
30.560697372965194
30.629744175992247
30.597700185772805
30.946086886645887
31.17140426077916
29.862776696388366
29.28152463987468
28.537722646386147
29.338443746757616
30.597431314070775
29.73875215900632
29.40908574697385
30.18472451136924
29.97781039926465
30.612172582876088
30.677843352342894
30.645704627850904
30.99813414850967
31.22484950188329
29.86556389225857
29.283563439431923
28.540581592223916
29.339793478602697
30.59940892968382
29.740649668734118
29.409258663502957
30.186215063537702
29.979266232101956
30.613650712404553
30.67953997673003
30.64740178875314
30.999607304656188
31.226689876578742
29.857712520247258
29.279655170294568
28.540530044443198
29.337840938168885
30.586041459096414
29.72939066789391
29.4058116100159
30.175502652077714
29.969328549695483
30.60852327344431
30.675067362473865
30.6423893410015
30.992845878017473
31.21922062318357
29.866254697328927
29.28117492507094
28.535107470766274
29.337163325639626
30.601375764377202
29.741966311811893
29.407713838875434
30.186339656466917
29.979605400801418
30.607367100462415
30.673302857922646
30.641849497291094
30.993831980930786
31.22070415412403
29.856118620813284
29.267590749877655
28.52016611366639
29.32256456872685
30.57996892137761
29.72292578067169
29.387260665217436
30.161463691580973
29.95611641182288
30.57071703993201
30.637913273363008
30.60779168138499
30.9599930972867
31.1861623749515
29.864822769205475
29.280621999868195
28.535725327898007
29.33579393719134
30.593894113253235
29.735833882581474
29.402861712711488
30.179469934926484
29.972740296245206
30.59923629241235
30.666121848536612
30.635116809597132
30.98750378449279
31.2147788682079
29.848117005381503
29.259994822604224
28.514317843281514
29.31520043228147
30.56116601511136
29.70659088474471
29.3751178344928
30.14356913946201
29.938412384888093
30.551822383153272
30.620564685485554
30.591001174046166
30.940624379291798
31.16625877542081
29.84974090430251
29.259309990395508
28.514911652890643
29.31660934349816
30.562954186954858
29.708469218763966
29.375073253862492
30.144784212987645
29.940208356641808
30.543789101453683
30.612649078949765
30.58331962909604
30.937581087220263
31.163633324420317
29.86408397240725
29.27480685632915
28.529877933531395
29.33672920014943
30.592882933894835
29.734455499365254
29.402222767245796
30.176827728391274
29.969855018867243
30.588738069644513
30.655775462339523
30.62515339153066
30.977498673017006
31.203801344425163
29.87999983447184
29.29432868274497
28.550670096472818
29.359529815281096
30.62243889342103
29.760641715699307
29.4299524081194
30.208938960035077
30.00055288215013
30.632756974647766
30.698834710083148
30.666361622154025
31.018379124340484
31.246167779113275
29.87196455581174
29.28259309680719
28.53849650735484
29.34970557897462
30.605790063692314
29.745767487860906
29.414067515252327
30.189646865440444
29.98238844655497
30.602177854395315
30.669422824818238
30.637939653451273
30.990403159818445
31.217360620333377
29.881786916312624
29.297978856351293
28.556463548067416
29.367980225043528
30.629455001453653
29.766604050274637
29.439143676957208
30.216999603526148
30.008010335367757
30.64608826843977
30.711602268087844
30.67808372462015
31.029883560508974
31.257309438255454
29.86155426922959
29.277324088634465
28.537981524643275
29.346227063874323
30.588653441503915
29.73111757933182
29.408181702025875
30.175843242628254
29.96953875052713
30.590888570951524
30.659452323006995
30.627115720183923
30.977228317461154
31.20416181520259
29.841438794853982
29.264366975233564
28.530298432926145
29.326162154848973
30.541316248400666
29.69142364639022
29.377827571690528
30.13014997985747
29.926985133728465
30.548453633416955
30.62023848589715
30.588853971304548
30.939631066078977
31.165634110279036
29.833766703221293
29.24521094454159
28.504380345777275
29.30097828297823
30.523561604692237
29.674699808443478
29.34784577502944
30.105446988969717
29.90378963987504
30.50118316855923
30.573936992736584
30.545656706324294
30.894415008476702
31.11945331814568
29.876021325919154
29.29262971091117
28.554609190836846
29.362721314037223
30.612546183714223
29.75256590721156
29.430003372129473
30.20192798975814
29.994642331844926
30.629934603217322
30.696753238320788
30.6637367447012
31.016446972699903
31.243479642007653
29.857194116369385
29.279167541596195
28.545256367478185
29.345656544749332
30.57322334829282
29.71903534977507
29.40590038609019
30.1652981938323
29.960446283891333
30.59488748537941
30.66442357686162
30.63183013115392
30.98241965401076
31.208403784971637
29.86725179135467
29.28504639685508
28.54973159320126
29.355796026221544
30.591719429689977
29.73437161861912
29.421329810553313
30.186227797707957
29.979027868763996
30.613977951701166
30.682649902433685
30.649424271513897
30.997293118085864
31.223813686658666
29.869037472246113
29.28850630838063
28.549819276637766
29.36082080793623
30.600703579565458
29.742272165864062
29.42401048180872
30.189899926312005
29.98321017706529
30.616465412629463
30.68438237618076
30.651412568637866
31.00367639104508
31.230363755305
29.866523629107675
29.287784013600664
28.55369712931497
29.360959667196894
30.59243249640027
29.735334442851116
29.42316538797608
30.18461042577951
29.977840792319316
30.61407994600657
30.68300329605842
30.649581516339083
30.999965652956845
31.226618007917242
29.87753098121591
29.28885685532901
28.546080658487323
29.36177027128403
30.615086667094467
29.753822295157182
29.426708214950345
30.200441024743277
29.991966807828685
30.61705281030998
30.684631947095156
30.652665342033046
31.003611945196095
31.230666167766653
29.887364345069926
29.30037546831685
28.560246800281465
29.380765508407563
30.637108000044485
29.773135129419803
29.44912229963045
30.225090588230497
30.01500983557314
30.64693530763081
30.7136633316361
30.68039638165855
31.032420062887997
31.26062963996105
29.881003000092896
29.296082376923458
28.560307934743406
29.37728809957445
30.621083131581052
29.75977918972836
29.441183285096248
30.210697440399855
30.0017285639863
30.634724987584967
30.702605583556984
30.66917441748041
31.02092879146422
31.24874581008749
29.87726663258877
29.295299580339645
28.562081639064417
29.37489771085424
30.611609518221265
29.752082005051466
29.43761153997823
30.20384988198263
29.99561685273143
30.63071529280046
30.69934183824131
30.665704071193357
31.017257354640606
31.244704542556807
29.89164979630356
29.307293382313865
28.57040451334085
29.38977649011241
30.641947769440094
29.777838002686877
29.45901351210508
30.232330900246787
30.02198094714682
30.665520514052815
30.732089746012367
30.69716870062769
31.04794525343161
31.27611145760992
29.885489683519197
29.298528109014015
28.559776814549853
29.378469173617052
30.62883234468614
29.766196598687056
29.44433417841452
30.21685539005245
30.007030409215936
30.641314395290333
30.709029575321278
30.67564836791828
31.025118429624953
31.253096741308234
29.880792486413842
29.2909817352944
28.552384514121666
29.372409521213235
30.62037320208355
29.75855766528669
29.435087719556837
30.206525090577106
29.99765958898863
30.623246401831818
30.691096652968305
30.658389741524104
31.008971569045475
31.23593143240448
29.890244228660276
29.301721538758073
28.561647937554905
29.38378348842546
30.636429229728957
29.77277647397921
29.450485386060535
30.224009679782796
30.013609360531845
30.6468055276283
30.714379425488108
30.68085579685888
31.030337508583393
31.258622971052592
29.889547110182413
29.299198136000676
28.560811151335624
29.388431235601225
30.639835718007838
29.775308482209866
29.454207979113978
30.227032223310697
30.016535271938455
30.64722428938263
30.71405459095049
30.680332600978925
31.03154856648841
31.258753513650213
29.898221965919397
29.309962226078056
28.57151159649118
29.40003853249896
30.65696730470561
29.79045011630264
29.469047165346137
30.24523443928551
30.033516612431484
30.671540962972152
30.73766013059388
30.703117073628004
31.05497406828619
31.28371085119756
29.89589982309809
29.30696412577595
28.56645584148093
29.38997226412351
30.648066436049238
29.782613882785864
29.4591785750895
30.235328409919205
30.02382154879392
30.661003193445993
30.727706292476366
30.693248850833417
31.04271031316519
31.27137290021518
29.882118988246148
29.301060088506915
28.568849628784324
29.38603086980713
30.621516971849047
29.760298854601643
29.447880561588217
30.213398841640934
30.003677031580043
30.64463642117689
30.713569124385618
30.67856165529379
31.02625911366257
31.254419720349922
29.87817286443837
29.295871163587506
28.56644385609627
29.385199003265175
30.611193282898075
29.751640228781167
29.445265453929135
30.205375903465217
29.995958713588507
30.63422775955335
30.70394145350291
30.669471701331673
31.018496042556023
31.245883881887533
29.882106930104243
29.295939188951543
28.561940034873647
29.38058270876534
30.61440048106233
29.754126799862927
29.43859016408157
30.20323145708905
29.994208659592555
30.62369228297887
30.693927466970084
30.660676809894287
31.00947132542804
31.237582656039912
29.887771313204947
29.305924222166617
28.572185414496357
29.39188111880288
30.63267062651236
29.770257450751316
29.45347446351471
30.22093117968521
30.011318894176465
30.653207640824963
30.72137676291932
30.686533141417794
31.037448359257944
31.26527045266597
29.888235061303895
29.29527926241134
28.55281687154795
29.37625933374501
30.62931306652603
29.766334606054105
29.43743531694696
30.210506696665806
30.001186939770328
30.624389821533338
30.692390168828048
30.660205310425834
31.012119016360916
31.239732922643032
29.90743112442221
29.318669120776274
28.57997178024711
29.41105823256832
30.67101166710061
29.8028622618673
29.480820499191186
30.25811573542942
30.04567761030685
30.68867751164741
30.75489479041778
30.719596958495515
31.070022524516823
31.298966017895886
29.905473571094475
29.316165869357633
28.58047031997432
29.412619940669998
30.663637773402478
29.79654015334171
29.479601923305534
30.25258917388424
30.04050570666778
30.679487128701776
30.74655194197098
30.711273361037925
31.06319743113029
31.29197235329309
29.90383235135694
29.313441878591263
28.574803278556715
29.411241153217844
30.668331825850128
29.800127345690047
29.478614743434203
30.254072163503622
30.042103280605634
30.676588364323624
30.743262067656428
30.708209432997048
31.060603005772407
31.2897457071158
29.908283237264037
29.318280157293703
28.57780983647729
29.407646580379698
30.669865544868497
29.801685175432237
29.477040788019117
30.255832539069704
30.044148266325163
30.680883149249247
30.74730567832759
30.712421359301384
31.065104133042663
31.294387268267975
29.897282363858043
29.30956596021852
28.57242717665874
29.402053721878715
30.650192090703758
29.784592197832737
29.467344761100282
30.23866377875553
30.02741701550745
30.66508287536761
30.732958436900443
30.698284050505595
31.046590850369913
31.274962411976407
29.90311242821172
29.315886291713063
28.577779955388213
29.406092108158866
30.658633971936798
29.792375668133896
29.472930245640175
30.2463822502778
30.035252064313752
30.675888405148136
30.742924047264907
30.70744819452774
31.058777141737604
31.287481209926835
29.90866983727591
29.317933570458248
28.579723182973023
29.414000227565396
30.66934184873668
29.80107115823661
29.48145303528921
30.25659211910656
30.044233431056163
30.68302184709239
30.750032456496232
30.714475790525825
31.064472828685876
31.293366278342653
29.914612627555314
29.32514532793265
28.586925066526508
29.42597727363439
30.684557140428826
29.814298747697677
29.495807287423077
30.272517949211625
30.05946047183125
30.702055472792757
30.76816319827724
30.732168428429343
31.08418420834062
31.313403302948387
29.87136460690968
29.27505241426553
28.52957671770103
29.35718630945923
30.59862814312237
29.738338540254475
29.408120274992957
30.1730700822863
29.966665058933522
30.568934187489578
30.639658403328518
30.60817230782153
30.95858162282362
31.18569899126492
29.873766734836874
29.274936762904048
28.530410952502532
29.35998300324118
30.597177048697905
29.737433591224033
29.40991341890325
30.1736682584093
29.966589071115923
30.565483131026348
30.63701020871649
30.60625074988269
30.956828270500566
31.183741357453243
29.916525391985004
29.326230277412854
28.58703944273041
29.426243886585226
30.687309852706505
29.81646392892021
29.49656448255089
30.274603642519253
30.061282583134812
30.70384235421505
30.769959574261307
30.73370595232268
31.084633110642944
31.314427624760246
29.90946048703521
29.322160867612173
28.587533513699658
29.42211634429827
30.67043328153834
29.802329127542333
29.489555936167303
30.261012828557945
30.048267184606345
30.69574445834514
30.762822046685404
30.726558512905243
31.075541402541667
31.30450363371719
29.920814417209396
29.329253888231968
28.590718795300386
29.431158056677262
30.692431354837503
29.821066376516693
29.500433277538352
30.279181182157117
30.065723913031928
30.70962145549779
30.775733305958457
30.73929749580248
31.09023478367571
31.31968149464783
29.91655224372692
29.328269229980823
28.594515140333844
29.43555576839945
30.686032577927357
29.815867557575853
29.502262741049208
30.27522281939663
30.06217091350798
30.70924368843432
30.776195575106406
30.739372218313544
31.089100859316833
31.31830287247013
29.916120874968616
29.322209928540055
28.58387830618914
29.42619126256095
30.682148816988935
29.812033836575498
29.489670897641428
30.265832491738013
30.053259752527815
30.68497407616175
30.75256072088008
30.71726831630886
31.069525117142312
31.299030201327998
29.91042471520863
29.321036336664193
28.585828944286273
29.42080378832513
30.667391699135937
29.79969764837036
29.485523712214835
30.25531871541442
30.043572053664587
30.684387602403284
30.752355005069305
30.71603258132375
31.065593672653282
31.294756808144086
29.884790483322266
29.299254551024664
28.569852906797234
29.394551219033403
30.613829833372755
29.753890476611698
29.448633928372917
30.20495457900376
29.99615813092591
30.62693171069629
30.698660844918518
30.663654757313655
31.01123459931955
31.23940860242786
29.918733583476453
29.32606237174994
28.587558392689644
29.426865773432006
30.68568406507195
29.815490460885428
29.493008900995502
30.269635960337208
30.056557513989965
30.696135854324844
30.76292184731393
30.72705446229416
31.07965791801754
31.30913122757153
29.891522786933496
29.306823720019118
28.577514475433077
29.40811169858837
30.633811604122265
29.77116954768809
29.466601514364875
30.22565600805017
30.015583165374217
30.652864917010902
30.722800156872776
30.6873124476507
31.03706616211538
31.264758210101434
29.924770014638476
29.335415688298653
28.60045405334961
29.437913932029574
30.691812182740147
29.821386675235868
29.506348255698835
30.28185716341351
30.06871562892139
30.717683013666555
30.784474527646935
30.74756215130191
31.098358452010814
31.32790666482693
29.91164269730219
29.32404060727538
28.59234945095336
29.431440803975157
30.673098621313237
29.805042537331314
29.49615085931516
30.263999826344065
30.052657904772794
30.69748655486138
30.765117440925245
30.728097965227946
31.07792670176785
31.30598400435932
29.907103803557725
29.31839703798328
28.584735246653697
29.42164701886957
30.663611232106625
29.79657812489934
29.48528388523786
30.252261425248538
30.041373886473227
30.683351505910196
30.751536611961992
30.71510380855885
31.06376890299935
31.292334470199247
29.90798584226785
29.310993282551053
28.56855434062996
29.411430921237883
30.66510954358959
29.796658339709946
29.4721204561038
30.244116106651127
30.033594331500638
30.656869336148997
30.725169028315108
30.690581726644762
31.040819744209504
31.269333782574428
29.91192735467516
29.32235732737979
28.589622444552063
29.431726821314975
30.67296445722936
29.804824277455623
29.493246547473
30.260910162682435
30.04883802972357
30.687517404176653
30.75592228284063
30.71964239594313
31.070789095848674
31.29957270070106
29.93287761879791
29.340196283296834
28.60321219982086
29.453296567203534
30.71270512854121
29.83883499259623
29.52251243775928
30.300115817297456
30.085422207881916
30.731640681201224
30.797921096988592
30.760374049865543
31.11139029081691
31.34141101414654
29.928463375130665
29.333124434688806
28.593686284978066
29.442424736731105
30.701638886397443
29.828609660758236
29.507721233118936
30.28468772821089
30.070990358426418
30.709059916084282
30.775944241370688
30.73927470366259
31.090715342254
31.320269743160488
29.92089547402161
29.327256574900648
28.587720085012876
29.43484781028551
30.688439857377535
29.817267760567688
29.498643987370496
30.272335125056337
30.059058469568463
30.694566943520368
30.762331895561296
30.72611462609494
31.076181454059267
31.306081874944933
29.930151398753544
29.337433176632857
28.60136682613785
29.4533461995944
30.708809880709453
29.83523854184828
29.520047257296447
30.295279120665167
30.0807788844228
30.72466110237293
30.791302291743644
30.75391068456027
31.10599925557116
31.335935966787762
29.928909242243186
29.335723326403357
28.59952264764966
29.45005464924281
30.705931731570605
29.832594601470362
29.51791569959673
30.292892543871726
30.078068136814935
30.723481871719855
30.790225191429748
30.752749891710256
31.102210546398958
31.332145332558998
29.916327167527434
29.324165354437618
28.590855084868846
29.436327627931067
30.676173701899565
29.80706523111202
29.49689164511278
30.264585407141432
30.05148676718581
30.68868949585028
30.757823413409856
30.721792843707195
31.070732872004005
31.299729172732377
29.919663595706993
29.329329148986037
28.596236417050733
29.440323207284955
30.682956006746576
29.81331145298779
29.504473912673543
30.272419847234247
30.059690463705515
30.70526746694902
30.773166166763847
30.73633485393756
31.085511584077697
31.314283489529497
29.911177512344658
29.3213363181569
28.58989113632096
29.43258856280619
30.666876265660694
29.799540689660045
29.490175002220926
30.254248721989573
30.043410824948353
30.67864213896101
30.747924224583322
30.711750534553477
31.064263073596255
31.292649450507245
29.924169715627663
29.332867697134525
28.59734557593991
29.44746951961258
30.696627795759223
29.82468442639963
29.511426124310155
30.28298883911372
30.07010861986214
30.713572091017046
30.7809890632245
30.743434801675647
31.092327990225137
31.32136745385339
29.92628267396158
29.334352996671186
28.59874575666258
29.44961802214779
30.700421035681984
29.828101411872368
29.51442041061477
30.286732218037912
30.07422856008317
30.716758637007263
30.783890624424554
30.74627396051314
31.096514539517077
31.325523877059187
29.935491125865852
29.342422132529713
28.606322734845786
29.461660789009798
30.716116951631477
29.84185216471433
29.529227139396458
30.304441549397417
30.090343810195154
30.736245157515697
30.802883122023808
30.765288464925998
31.116108443240186
31.345207698187178
29.93072408981923
29.337626965549003
28.60332690913242
29.460433367573444
30.710617256227305
29.836706241063684
29.526452542296763
30.298285856110006
30.084107170593647
30.729049948466876
30.79603290861172
30.758038956635687
31.10799407410858
31.337269149071552
29.938227172991265
29.34354875980565
28.606401414927262
29.463039554401394
30.722633066039133
29.84689451345511
29.532069277765338
30.308814449059433
30.094275009772485
30.74170153663915
30.807779627215407
30.769401502837358
31.120456740776987
31.350332143803534
29.93791373016621
29.34245000960813
28.604214907182552
29.463128832360944
30.72333519822242
29.847334514522164
29.53053005354673
30.30793610400651
30.093276388914546
30.737604839148666
30.803722569143726
30.76555151554858
31.117503785169223
31.347272094428927
29.935881588774258
29.340227598268605
28.60200811132468
29.464558632960376
30.72377930516195
29.847498229088256
29.533369504382627
30.30963463540393
30.09420072866483
30.739538224822688
30.805306830914574
30.76730528116229
31.118334986590842
31.347420322546736
29.878536238613233
29.287157550878646
28.55523671592323
29.389641054323356
30.601562158402736
29.741945098127143
29.43768194392363
30.188330975880554
29.980244266761865
30.60015404282671
30.67300192521445
30.639016025536332
30.982919361281372
31.20903421723421
29.92568996877265
29.332399168442567
28.596484298258627
29.451183347636356
30.698720268441832
29.826421164403303
29.514257749788694
30.284734198599658
30.070201205691667
30.713893714478598
30.781721981859935
30.74436142163778
31.092691197755997
31.3220386481219
29.930616178524062
29.334380201975872
28.600967458551903
29.460492162263
30.707039261213925
29.833781227777354
29.52611230280139
30.296396394054163
30.081661949321862
30.723764754440225
30.79112864735316
30.753537335489707
31.105051186983562
31.334227699335283
29.933347038862838
29.333904669737784
28.593654397414493
29.454471446692366
30.712018077787263
29.83724766112508
29.518268220751175
30.294279177113225
30.079310907932324
30.712764836002684
30.78024162044014
30.743070369626537
31.094556379321297
31.324365877776945
29.932775398221644
29.336837101980183
28.59961002920689
29.4596003751759
30.712221333213982
29.83775319793619
29.5240248651869
30.29721669109803
30.082267655656096
30.724452624601753
30.79187399429345
30.754239187497443
31.10358623781647
31.333303143020792
29.926333829151265
29.33482131419971
28.603645258496027
29.458253980351845
30.69682398735132
29.825108565869424
29.520531959563932
30.286837275169727
30.072435512480336
30.71875374965556
30.787189128102614
30.74958298167134
31.099328408113532
31.328642162035827
29.911881400477366
29.320696697131062
28.592299797145888
29.439374196074475
30.663462688804167
29.79662522765552
29.495955826484643
30.25423043918361
30.042632484240457
30.679439438309466
30.749850670016727
30.71357494859785
31.06499576490593
31.29308019814086
