16.29354414552243
17.69141109594459
18.438360395470177
19.09477893048643
19.677175726408738
20.353389499413048
20.896447239665065
21.367373060742445
21.736370935598156
22.035414040119264
22.32477009666189
22.594813839382372
22.815056505540646
23.00503095198666
23.192008585229537
23.35477560375704
23.50604266860933
23.653597541449383
23.781284657895593
23.903229797364588
24.02976424960296
24.14687149400129
24.25623019075984
24.349315901228582
24.444415434299295
24.534672594776588
24.62020551486185
24.698591327907085
24.776930265357773
24.84555423437904
24.910843373252323
24.972099341325986
25.03996876761565
25.09958078619425
25.149356820327494
25.206394688180445
25.252569381460095
25.304306036418982
25.341565268932964
25.38647741264403
25.431382861294626
25.47235250680085
25.509983882925997
25.542384497497874
25.576421189340756
25.604826384215805
25.64315871747308
25.668232948039424
25.686533593597463
25.723908320119442
25.75253679400126
25.778660499444044
25.801602693610437
25.82007701639615
25.847938693694097
25.867806851021367
25.892829804932028
25.911386739945584
25.928342888588755
25.94652878788713
25.96524158132889
25.977621216351057
26.001900883387005
26.017138108562186
26.018777907360867
26.049290383619073
26.064431427846092
26.07793610978167
26.09090482129447
26.10620530079368
26.10217468192775
26.133758342373774
26.14213298331853
26.15904509945029
26.1687404602446
26.180524028103385
26.174708668668604
26.199236822878454
26.206883178298277
26.220714890047265
26.21951666389008
26.24017094334533
26.250342961192665
26.25718945835294
26.26671789558431
26.274508662009417
26.280364826567343
26.28833409512455
26.297771474645497
26.302284094936972
26.31071727008399
26.315518063318223
26.327517135194086
26.333283128503496
26.337808984438812
26.34632668903394
26.348366874730118
26.35641196248875
26.35578053832837
26.369429527372983
26.37240167446106
26.378162498582615
26.382887282553263
26.38776509816966
26.39505904649477
26.389353345835882
26.403462239678074
26.407987299661553
26.409729175545674
26.41707771629807
26.420532940231446
26.42495411880406
26.415154135646535
26.428386352423612
26.432157332716436
26.438221917193363
26.4421789565417
26.44039705261604
26.43780865167708
26.444362949368532
26.455860101510925
26.45778338681495
26.461504846742322
26.46010040375581
26.46108297192941
26.468911203292215
26.461677285178475
26.47110516619944
26.476400806144433
26.480044320359898
26.475898427750355
26.45646564042863
26.485910918252216
26.47526399139946
26.485127565153995
26.47929111922345
26.493187114661726
26.496713801419364
26.497258594120602
26.491048498560964
26.497923413864918
26.498325721363095
26.50698941935267
26.504548059972624
26.508220813239944
26.51157784360695
26.501097957114837
26.512767568018326
26.503365992935198
26.517750052654566
26.514967787071612
26.518433673532474
26.521234254001314
26.522093585531774
26.524237990663817
26.52263183011433
26.52208365725292
26.526710587639116
26.527437413061232
26.524401268372156
26.530969162209264
26.513706483733007
26.53180270997004
26.535659831243017
26.53335802400189
26.53524455360508
26.53419625322767
26.537354585716866
26.53782206845297
26.538445182821906
26.53955389419662
26.54280086564674
26.52602872164048
26.540191118148556
26.545819366544002
26.53681108135535
26.540830269028625
26.546216617023873
26.54818133281505
26.55012104987409
26.548131598608897
26.538174075032824
26.55279935274196
26.549809478656787
26.55130985390226
26.554581489911094
26.552281276914663
26.5557482755245
26.552481811902776
26.552158603340764
26.526924871211484
26.554288887713227
26.556955074172226
26.558797056312837
26.556505779473436
26.559960611256475
26.52573400076059
26.557486059627813
26.56166049114076
26.559076453771297
