17.244812239396047
16.372882033529482
16.114584482949112
16.5777458783339
16.74623011769561
16.816791141957367
16.86341028370331
17.227616256858663
17.169024621514122
17.362065183163896
17.472537795926108
17.472580764324388
17.567188179195664
17.276420989296536
19.207475357763382
17.76948894472556
17.448869299445626
18.10247779161101
18.007619127525384
18.238582556981182
18.31232455994253
18.816935061866157
18.772479955839895
19.00194771392474
19.160097802064474
19.178126559293844
19.31778189431658
18.89729200975308
19.670897297038536
18.366035452899087
18.11606222793437
18.786920574756998
18.75191741277512
19.002962415015933
19.06940515464745
19.60188238846405
19.56332795824228
19.77252554074043
19.962449307681243
19.98230728738793
20.13982053425224
19.716537471426026
20.04687110547344
18.882732042349083
18.702483690248638
19.37863700941748
19.42124286535103
19.68972330246235
19.7497404956535
20.313021605863888
20.27947602322466
20.468333109531905
20.6877243132264
20.706160858994814
20.87862081267031
20.45696108613052
20.360207333174788
19.326403715166315
19.211865114656447
19.885290761562622
20.01852250554373
20.302700579997477
20.35725203770102
20.945243210802275
20.915417859935076
21.085126206265848
21.33018368522645
21.344244457863827
21.5286985683206
21.111850370410483
20.674285571502644
19.719117384808005
19.66227442583493
20.33787060596732
20.537918309938362
20.847754198187154
20.899747842453216
21.520224480311455
21.49475087714997
21.648277832977197
21.915698509308115
21.925870908242217
22.121055541484473
21.70381641683399
20.949576230591177
20.063161396831237
20.066970141717132
20.742715799825696
21.00624150794307
21.339030281503145
21.388192026333346
22.033808038783462
22.011110745820332
22.151488015653314
22.44054868792526
22.446181484227534
22.652397336593694
22.235257632916298
21.204210940630205
20.364671886122313
20.421240242937206
21.100237167216754
21.41740391525095
21.777016996189058
21.82428950974142
22.497532709551432
22.478474457018745
22.60485504524066
22.912648959139304
22.914432570312304
23.130527624665334
22.712096884045053
21.37645686781619
20.616830002492428
20.729374055888528
21.400543659188912
21.80914723933386
22.176351463667483
22.21730089794037
22.90118431098685
22.882037601549037
22.99453451759682
23.317835611880696
23.313660636980483
23.53700745479515
23.126996019918078
21.556428692568026
20.836861011597506
21.002106370086334
21.673615897076623
22.141300911392005
22.523225776115282
22.55938780810805
23.254489604214037
23.234822853168577
23.33841510117513
23.677683272389302
23.669272094247223
23.901990919682724
23.49374190659929
21.693505114060123
21.03338718101347
21.2457833999581
21.910052066705205
22.45775296209795
22.848529891738
22.878598166487954
23.577671357177373
23.55877395262169
23.64856128313177
23.998600073144736
23.98514660872941
24.22318057324944
23.822673578098442
21.83404245364713
21.212475717793154
21.47217909629805
22.133112676600177
22.744762294626064
23.147063535386177
23.171278538866975
23.873311185352257
23.853778396757043
23.93393199507847
24.295123567165447
24.27724888301546
24.521915258838007
24.12574170654211
21.952703212950446
21.36795323406564
21.67130774958471
22.32788506744516
23.005193514339645
23.416327847084272
23.43392719968415
24.134504782792938
24.113991077019715
24.184748526638696
24.55529321420646
24.53320268864199
24.78342445577628
24.39254695963049
22.06163541072076
21.508720081905665
21.853917640717885
22.50530364049289
23.235999435193424
23.658385076192758
23.670488061948387
24.366023587547886
24.345719908908944
24.407566360719855
24.785870872846264
24.759974015249426
25.01514128455327
24.628527418956555
22.134609570171847
21.632774257867936
22.020963756572925
22.660459611676178
23.47662238839374
23.89630619844239
23.899578535255895
24.585788091066796
24.56366623750587
24.615020162467165
24.997819894363396
24.967178307802346
25.223786352791386
24.84708201053899
22.215320916066624
21.74463950898507
22.17146886747481
22.803898670797743
23.67119664607451
24.097945114379698
24.094868939272207
24.77474189257161
24.752536664566524
24.795268165227526
25.1826895151871
25.149191227863625
25.408140580121856
25.036531279829973
22.314780795238395
21.848771306827615
22.31645376035405
22.949069847967543
23.83011742123633
24.27110132110347
24.264158752343
24.938273688935702
24.914516145251557
24.956052802614753
25.354024994894154
25.31860997144655
25.586141687901073
25.212246550211322
22.37298993482076
21.94387305259827
22.44561191342092
23.068625587308247
24.008966846053195
24.451772545107204
24.437636010723057
25.10371341637509
25.07968263593857
25.112150798847505
25.512555237324737
25.473738575841097
25.74211404515174
25.37498083715269
22.4317551752987
22.031163400000345
22.568230219939664
23.18204877573119
24.155531215368455
24.605357911619894
24.586312425267586
25.244755221120563
25.221975222389837
25.247074904875696
25.649274561985802
25.60868154930589
25.877414213993816
25.514442188222382
22.486934598494784
22.109234063888977
22.678142904840325
23.285291137594793
24.300516608086348
24.75273423437402
24.727627557964258
25.38057677016122
25.35668188472651
25.3765285037503
25.78248404218733
25.739124632604913
26.010401536099348
25.650948051069896
22.540094179275645
22.183502595172076
22.782885560502933
23.383544334178698
24.427664970805484
24.88606431553832
24.856258459198006
25.504704470964203
25.480980155213768
25.49502809571624
25.902997900364447
25.858016336545848
26.130178759475637
25.77337239262133
22.588388056227036
22.250805203913202
22.876900414963316
23.47174660998727
24.54476755135095
25.00750233807088
24.97283541939868
25.61467160445305
25.590419142441633
25.6000765715065
26.010557750470046
25.963250852564983
26.237411028721265
25.883340003400424
22.648226943215768
22.311470730491436
22.966572283137804
23.561280067941702
24.62255262441492
25.097005998558988
25.06066467213496
25.70202051045777
25.677424188668173
25.687508789881093
26.104911745766547
26.057438913358443
26.337624175009882
25.97978722964439
22.654557259459
22.364175486129394
23.040056858851113
23.618144439674786
24.74126930587061
25.208477772001533
25.16556255447649
25.800699180360752
25.77967605009108
25.776266221753144
26.182870063088785
26.133834276938313
26.40415596136114
26.05879597208541
22.715958785203334
22.426639015140296
23.131733733477276
23.711506239459325
24.843498818306983
25.318793226437915
25.27172783620073
25.912136824045213
25.88838051388699
25.885279181696497
26.30253080445004
26.252015937022307
26.53007955839217
26.18008619789358
22.756408263375857
22.47778773799602
23.20495791811764
23.781168933391942
24.92493527585044
25.405453500324146
25.355179681556965
25.992631698959137
25.96838395311431
25.96322574172071
26.383381332341887
26.33135146039921
26.61212137442354
26.262458836300652
22.78774279974408
22.525595763112214
23.275449513432164
23.846470834444673
25.005227288163592
25.489141060678254
25.435404918569933
26.074538337730566
26.051676997364194
26.041401996618106
26.46112425992969
26.409234996449968
26.688801478058966
26.341011300838396
22.814021803567307
22.571672168542193
23.340755655309977
23.90490156300811
25.09133311813537
25.575426368157338
25.517484426351235
26.155393766456715
26.133084319184192
26.117784141659
26.536548141633524
26.482687027155293
26.761584274162672
26.41700957329041
22.85888424004088
22.614716053862942
23.406149835199447
23.97162880851358
25.147946473622746
25.640473649270906
25.58099906777142
26.224005162730535
26.200850578422042
26.18659380496564
26.612664013670624
26.558731913359
26.843315419294683
26.494375985503137
22.885134524572926
22.655187669535678
23.465306325875762
24.026056761945846
25.218298998142995
25.712666297849818
25.64966727421113
26.29506850921129
26.272356724169114
26.254147800061922
26.680367724373834
26.625762256262448
26.909982377767935
26.562608479540177
22.91286254038123
22.693584898826465
23.52164504577163
24.07871868059597
25.281454127011575
25.778655671786726
25.712795867155666
26.35930596434592
26.3368608271902
26.316169765907556
26.74451008982766
26.688899662571277
26.974722691125546
26.627634246716504
22.924936518805726
22.72768182792572
23.568631223168325
24.118649801384095
25.35545809916287
25.849514678011747
25.77881037085891
26.427794518401605
26.406626852126422
26.378837331693013
26.802175551559284
26.745791287553427
27.027025982198033
26.685009691573338
22.957618835026096
22.763200601343176
23.621155883390173
24.17148233567086
25.40928918054085
25.908159280614466
25.835469882389976
26.488360651224845
26.466496489676803
26.438001563542848
26.865482418619653
26.808885108531936
27.093275656515445
26.749007893434307
22.973654751652305
22.791657700659915
23.66101315848884
24.206633213972133
25.45793481240151
25.95751023999519
25.882296087486313
26.534396889030525
26.513625843786834
26.481950980540915
26.90742932974151
26.849789955311806
27.133018875836733
26.791513815023297
23.013838339092516
22.82368548283813
23.71269345396928
24.262056456218673
25.498504426028482
26.005456608518774
25.92907676446814
26.59026038634256
26.567612000436146
26.538266000010502
26.97297275870001
26.915586205346283
27.20603527476605
26.857960383928507
23.033705629732317
22.856018522932526
23.75831558263863
24.303906163064795
25.558963903056604
26.066973772256407
25.987115489768744
26.650198115065066
26.627900664240016
26.59538719087261
27.030834773241587
26.972156792402995
27.262512043698226
26.916025447987128
23.04719323284416
22.884410427394744
23.80051314467057
24.341338275236215
25.621911007061737
26.1276156360267
26.04377028917194
26.710798714505152
26.689049177980827
26.651365386554524
27.0845617172698
27.025351226581737
27.313287398375245
26.96954047910515
23.077977468008225
22.90622549557815
23.834169078989152
24.37899525176811
25.63421912781779
26.148251233398526
26.06474308331131
26.735031905134882
26.712195238989004
26.678267665310933
27.118737157769168
27.059750476072406
27.35400235351195
27.005069952875015
23.097181488661683
22.93170041324582
23.872631049052803
24.41560245223158
25.67788663604216
26.193673719018097
26.107946627357354
26.782367763329603
26.759820144448945
26.723703643775405
27.16575794808489
27.10654494394686
27.401586404763187
27.052342118020515
23.1088710896086
22.95945966106037
23.913376608114035
24.451553233695556
25.74110453683404
26.254974434218997
26.164931204566614
26.843176483430135
26.821197976691266
26.779601530326044
27.21927663971552
27.159321868092405
27.451515829838577
27.10530078857099
23.125989292394813
22.98337711373464
23.94928203847536
24.48570756793029
25.78478634825812
26.299755165413938
26.207416130551337
26.888554412051015
26.866745128355824
26.82297701955897
27.264038792183804
27.203615885296415
27.49672439755478
27.15045730776198
23.127709247185383
23.00550029875552
23.97653804885246
24.505595656785104
25.83717864428676
26.3481430059784
26.25171522424828
26.93081610436439
26.910282302345014
26.860685762613144
27.29552006049453
27.233475249039852
27.521822520095444
27.181232329746024
23.147184536984213
23.02736723622401
24.011562653678897
24.540227397215993
25.87039658143225
26.384419692798502
26.28650797219991
26.970003627159763
26.949197446395488
26.898873220173847
27.33643451373531
27.274807710527313
27.564390104103584
27.222403638566583
23.156319858767993
23.046679778417918
24.03708697737677
24.562605626910855
25.912456508644574
26.425004054218192
26.324235370162995
27.00654362925292
26.986110907393407
26.93271313904948
27.36833009481628
27.30550294042999
27.594159910985645
27.25481577765612
23.16437228812031
23.061523376446225
24.05985195064798
24.582675166105318
25.932892060949353
26.44607689832155
26.34400663147968
27.027450006438485
27.007935258434276
26.952949413141475
27.387651562163445
27.325260576895445
27.61271409359268
27.27433205248888
23.195493431932906
23.082753767393438
24.096379320493014
24.623793766764692
25.95954324155444
26.479909648656715
26.377251095283203
27.069997129480864
27.0484001321051
26.996325139292292
27.441786192411747
27.379062321161115
27.674389158757982
27.32930615492476
23.21337626363892
23.094561001404603
24.115970034293323
24.645117214339322
25.959569457510014
26.48525925810223
26.383278168810723
27.08147627986303
27.059952754200854
27.010462727554266
27.46139916665502
27.399131369380243
27.69885550266308
27.34991543956797
23.200021158113003
23.114821441005006
24.14053839196784
24.65789468656278
26.048832465253337
26.561503269599715
26.451535232155276
27.14365584970512
27.124013960544705
27.062026761052152
27.498017216850382
27.43396380110875
27.721393733516525
27.385086021708172
23.224367374349622
23.134208665648607
24.170438728339224
24.691085001862557
26.07543583569326
26.593313759255334
26.482081445396073
27.180414216972686
27.15894083413101
27.09872813946968
27.543123599428156
27.47845086831016
27.77207397760323
27.431023083989658
23.242075184594995
23.14639558252511
24.191248487849645
24.714597001644343
26.085464408282586
26.60777521378678
26.496451995603206
27.20078617293363
27.178647036352313
27.119889245368945
27.569499844594063
27.505411157424515
27.802846088034606
27.458022094574726
23.252478506607645
23.1588490310721
24.211653325558718
24.73407804553773
26.107716912200182
26.630570263729624
26.518009248985837
27.225839399936362
27.203800392442865
27.144110473372457
27.59522635648204
27.531108403147446
27.829506240404587
27.484361912394803
23.25727259916796
23.17585231203978
24.235824006696998
24.754075218652464
26.149327215167915
26.670677068541945
26.554726978436275
27.26012847473698
27.238432702529824
27.174991017674092
27.622798625437255
27.55784888644479
27.853473712091194
27.511671163043548
23.267778448786153
23.189493048571627
24.253796426228586
24.77156134114341
26.176019149799295
26.69789270863301
26.58032385922755
27.28681908341925
27.264609172129475
27.200728216096017
27.651084990156733
27.584885424052846
27.88248119459996
27.54058904079242
23.28131019951642
23.19889104625338
24.271826102663482
24.79080394066367
26.181826614795018
26.707009680999324
26.589654759158588
27.30197479219717
27.279674785818642
27.21697776507515
27.67141997659778
27.60625328320664
27.90627803124468
27.56139372168801
23.283011778599395
23.213755587155454
24.293066448591077
24.807523359406336
26.22752124325978
26.74957732002487
26.62851662423238
27.338328600526424
27.31676595713985
27.249089847983782
27.698986168236832
27.632937560872104
27.92929672838391
27.58845127663825
23.29257544315736
23.223423081773692
24.307623244996147
24.822546192902294
26.250617752280156
26.772421070706205
26.64952308456838
27.362347179891945
27.33974023808775
27.2715797873007
27.723508905761356
27.656899783873673
27.95477426651266
27.61364970234383
23.30190854106101
23.23610977793594
24.32895090321269
24.842685609086104
26.26525256792607
26.78988191690046
26.66625134693992
27.379181835870398
27.357247612148534
27.288780357299366
27.742802490073984
27.676105876531512
27.975291393588517
27.63333299610222
23.3071775265459
23.24715921507386
24.344181516889634
24.855856025218635
26.29205133841625
26.815652316611082
26.68983670923659
27.403239879955926
27.38135963832458
27.310727800315078
27.76389789858032
27.696626223893507
27.99512297508755
27.65465693959371
23.315540714047614
23.256427649893507
24.357497978515358
24.86927779162543
26.306748597836666
26.831497540634615
26.705008932660803
27.418566011427632
27.39632623835518
27.326051282878716
27.781167933017162
27.713409754882488
28.01347846918272
27.672353954322357
23.320033697156738
23.268413047609084
24.373916781803004
24.88350638624123
26.336463368437514
26.86037082569854
26.73132499185676
27.44360890278744
27.42153075771042
27.348524185540594
27.80165899235602
27.733654576557456
28.031919382658263
27.69279257960692
23.322324959864694
23.278290631949844
24.390310233474423
24.896212444728647
26.36306106239589
26.88479822640745
26.753667720174654
27.46425812650987
27.44290443765205
27.367518961519284
27.818783048570968
27.749953317828254
28.04685885953194
27.71006713474791
23.333365606740912
23.28591922272529
24.404162215845247
24.911839535756165
26.377112245260168
26.90093147075977
26.768877542846923
27.484734638436947
27.462592360522624
27.387358684968206
27.84274413846199
27.77417331630177
28.073566804992687
27.734470083343815
23.324873986373547
23.29317218120913
24.408925311173636
24.909880215641593
26.39008005809286
26.910816237214664
26.77747983005717
27.482900205667754
27.463128597162182
27.384360800361428
27.829989191437207
27.760871512957788
28.054166963673442
27.721707147789886
23.3483550533245
23.296170462344573
24.424490309611844
24.93365980008337
26.37902917532357
26.907476168152744
26.77600544579051
27.49705744082656
27.475303453291595
27.401848566853875
27.86260920969374
27.79472595696063
28.097964468364843
27.755454353552476
23.350729148473988
23.310296830508197
24.441540799106736
24.94725248533006
26.421035451102835
26.9465463962859
26.811563723669284
27.528810266499733
27.5066616446538
27.429682341066524
27.887533233856082
27.818101635571967
28.119380340138107
27.780044936883346
23.357404449589527
23.312111131869113
24.448137822097834
24.955092942349825
26.41073794870754
26.939358729786587
26.80538873307702
27.52620590229196
27.504294759609692
27.429165928320636
27.890606814240172
27.82183924605194
28.125556031646163
27.78372100808672
23.34698616703022
23.32294228004001
24.454861387796004
24.9542779941416
26.446367016189793
26.969590038039684
26.832302789235484
27.538831562841807
27.519125908920692
27.437937787185014
27.885994599240778
27.816190332709425
28.11108648484063
27.778794603217193
23.356352071820247
23.33192011907417
24.471600827579405
24.971637195635708
26.469796921880203
26.993782494651654
26.854714960064367
27.56443958734715
27.543805953510446
27.461955136894943
27.913860512097713
27.84360159640636
28.140896934335046
27.80700020788851
23.369379802449327
23.337536881334096
24.485942837198376
24.988991897033657
26.477918132273714
27.00506071448595
26.865695648150467
27.58268435389523
27.560769292087016
27.480724454211376
27.940266015125886
27.870075974887175
28.17224955810392
27.833770404878237
23.370592323745875
23.343002592786817
24.492178524739668
24.993441493269565
26.496681892602442
27.022292672537375
26.88130041302954
27.597002018137786
27.57503151216042
27.493268469288807
27.951296058019476
27.88051621656801
28.181741745958583
27.845024573639158
23.3781603579574
23.348796788771793
24.503291200497003
25.005316629283737
26.50183895332982
27.029427034515418
26.88825151229377
27.60701908562737
27.584743136837123
27.503865225268886
27.964736686013534
27.894067321137033
28.19716739959904
27.858723926460357
23.3819753429318
23.354339862398074
24.51131547732705
25.0131546167062
26.51027662623047
27.039075054949667
26.897141719920647
27.61550416702424
27.59345307085102
27.51213647768671
27.973649854224867
27.902959785336645
28.206376795630298
27.867833877292004
23.384327521286092
23.35937387067453
24.521085153780167
25.021640239491163
26.526576884988373
27.05439983037104
26.911154543967502
27.628814780815652
27.606787718518174
27.524271545549745
27.98580421347326
27.914672711438097
28.218067231548307
27.88022919059666
23.388838091262045
23.359579755647992
24.52643117483447
25.027927530008917
26.520269329915173
27.049871164737596
26.907452286848688
27.62858057306014
27.606756246889645
27.525571648895017
27.989742074784214
27.91930275644482
28.224197105634314
27.884757325053126
23.377981366948358
23.36900813413283
24.529834796431008
25.023828534308656
26.54819877913899
27.07260800055008
26.927341445534974
27.63278027086115
27.613170665600197
27.526614493225008
27.97658204186748
27.905161776722668
28.20124940122286
27.871216561907215
23.394403637148173
23.376786622766097
24.547438073074726
25.045729572197466
26.567623618584218
27.095482389368744
26.94925017191294
27.664811640314625
27.64277383717809
27.558160414240945
28.0192175534345
27.947087382415734
28.250000179679187
27.913780345977067
23.399169341812602
23.374293562979553
24.54780152799769
25.04830870197953
26.544538728381504
27.07582241206623
26.931892242866898
27.6523699285467
27.630693640500063
27.548887796383234
28.0135908076157
27.94267843901339
28.248024635460823
27.908521178026557
23.400691331849927
23.385830836483045
24.56170523617884
25.05930939475792
26.583238642461982
27.111702655584164
26.964414343488535
27.680737531723445
27.658549711655358
27.573495602704686
28.03549443653589
27.963092847074236
28.2667545152016
27.930274388833478
23.402046768644208
23.391479239194812
24.5714206180469
25.066984286675382
26.60310668978942
27.13028587577341
26.981239567637513
27.694887389866352
27.672908995291582
27.58597890301005
28.046460420075825
27.97369335700725
28.276272688251897
27.94178549507791
23.406590216047015
23.395332391552834
24.57758351371324
25.07368463365917
26.60596609522421
27.134366259506805
26.985470486963433
27.70037684646927
27.67846390231523
27.592113859988196
28.054319934532852
27.9814994702986
28.28540942156748
27.949588788204306
23.406430438331633
23.399541650569745
24.583656570461542
25.07821192949758
26.619022798090782
27.146559250311203
26.99622544004439
27.708434713092426
27.686735454530172
27.59912476190565
28.059461470756535
27.986258023364545
28.28889986884417
27.95495915954844
23.406895930296812
23.403714121759425
24.586962542067212
25.080417347836626
26.625227088177883
27.15250905890663
27.00162536119814
27.710972510519866
27.689849138883847
27.601198863525024
28.05928811301761
27.98610930748627
28.287656764748768
27.955123002817533
23.408735086623793
23.407417405838387
24.59177738842205
25.08438615545482
26.634549752001135
27.161942750115443
27.010313205612103
27.71834361068006
27.69746677842543
27.607868742857942
28.064781744043227
27.99147121811656
28.292449496693962
27.960974874777996
23.415871104501193
23.408509828784137
24.60081847269449
25.095806556982172
26.634553810369432
27.16461855903772
27.01333652384
27.7286268801536
27.706746555280986
27.618978586672437
28.083370528818715
28.010214951963224
28.31523266209235
27.979273101060645
23.41819804396153
23.413786942409708
24.60733792120958
25.10140839522015
26.64712748366306
27.17625610945194
27.023756487653948
27.737841762879178
27.71611150923779
27.62744884955901
28.09022787676664
28.01684185837233
28.321136332532625
27.986562866896623
23.40986075119526
23.41375238209867
24.60339432632369
25.09325628979522
26.643525627003307
27.17099376039833
27.01844746136779
27.723747998719624
27.704015953931346
27.613376262318468
28.067216522147636
27.99390987153163
28.293078938375874
27.96391713104619
23.42209208711475
23.411242935490904
24.608859502495235
25.104844003328417
26.627969909351417
27.160896444232097
27.010109080393992
27.730347339316438
27.709149428092335
27.622024893579272
28.089309911603422
28.017193391302225
28.32413425435648
27.985929103853632
23.4240661993434
23.418010481375607
24.61932535079318
25.113873987336454
26.655007642317877
27.185649810035784
27.032590347056278
27.75061607473719
27.72888220550855
27.639897426408698
28.106298766385336
28.03313163468482
28.339489790633134
28.002972734155232
23.427358242961258
23.424268712547907
24.628069312288762
25.120792218623684
26.663332033438866
27.194503916836805
27.041099204450116
27.757647841634217
27.736257170130727
27.647079760546227
28.112087709673492
28.038715452440684
28.34432997839218
28.008412244458707
23.428763942811482
23.427180887120993
24.634238230012414
25.126994835959497
26.67444792138449
27.20582427980044
27.051424615603015
27.76621637829841
27.74482467190808
27.65472472655906
28.120340802131476
28.04674313145769
28.35283373721378
28.01718162066865
23.431179979696125
23.431567750290835
24.64083524730927
25.132959263811316
26.684758273852385
27.215916773530882
27.060607795193025
27.774770758890774
27.753467962108356
27.662695916411497
28.127978396473058
28.05415921606299
28.360042093388522
28.025053374304132
23.430323493202625
23.43535297539222
24.64348881645027
25.13437426368767
26.698499671734442
27.22815064028382
27.071677301370617
27.78272297035254
27.761435626019164
27.669329590019068
28.131802910159266
28.05729582281336
28.361669147999848
28.028878078263574
23.432373794389726
23.438393502913748
24.649569305381892
25.139968536543872
26.70487426771937
27.23540036355058
27.078304210870748
27.789488674055363
27.768256524873202
27.675594495128678
28.138613316785918
28.064100105403828
28.368807409220658
28.035974763137528
23.43388129506751
23.43996223362449
24.654475576745025
25.14487070377416
26.710351193456404
27.24083807006845
27.083070936084017
27.795232217966582
27.774055057017115
27.68103767246372
28.145237900879547
28.070747142479416
28.37607738536889
28.043021744379242
23.437376353069823
23.440171579980703
24.657017652143924
25.14849439885863
26.704708536487477
27.236435273660828
27.079601680934406
27.79668366191761
27.775163706308124
27.683478998259194
28.150770358482593
28.076608581652113
28.383412968684663
28.048008235801852
23.439135338751285
23.445727180786093
24.66331446233724
25.153586990103726
26.72037964194609
27.251403747462902
27.09310872148427
27.807114628534876
27.785557164957087
27.692805362017445
28.157802372661603
28.083078276296202
28.388649728301782
28.055106837644136
23.440150480166512
23.445354119266028
24.66433076207504
25.15527077787756
26.7166038445761
27.248050379240436
27.090165122240382
27.806574287106557
27.784842239516248
27.69260952780963
28.160144877537792
28.08575396183397
28.392881111651135
28.057848773920878
23.44052837191816
23.45102670680726
24.670990499595405
25.160329634342613
26.73117992629999
27.262135125354533
27.10321597234389
27.81445080389044
27.793349279029876
27.699467702067388
28.163427884541395
28.08852151285288
28.393920612976935
28.06139756235699
23.439955736579805
23.45014108820055
24.673337874903282
25.161782378678105
26.73336726208556
27.26369008978786
27.104108475675407
27.815219934754474
27.79437127105585
27.700038083675338
28.164569590123474
28.089693704860437
28.395270405157994
28.06305644443857
23.44406461137456
23.449505532607112
24.675857457748894
25.166081677499864
26.72015959081752
27.25356022231887
27.095597436659148
27.813295102014678
27.79228439822937
27.699659983428432
28.16839888995847
28.09429280658341
28.402061441708117
28.066400430453317
23.44591840643698
23.45620437681074
24.683397366242943
25.172204442298202
26.744931556253658
27.276698120602116
27.11680226165296
27.830346370734695
27.809018669866205
27.714544352216212
28.180556665471293
28.10540302856259
28.412124741570103
28.078541161733558
23.44750112119661
23.45914858282145
24.68937395695922
25.177853141988756
26.752955262453714
27.283901731102144
27.123093435687398
27.837634799673438
27.816187191141843
27.721350037128882
28.18812037937549
28.112959638029093
28.419742032730003
28.086285802063966
23.446150694551942
23.45393102823073
24.684404309637838
25.174050600680278
26.73202381276325
27.264546928469247
27.10566118319883
27.823634393471636
27.802760833992807
27.70922554391071
28.178243039695996
28.104062266909807
28.41221023632293
28.07677335968936
23.44942268235878
23.463615862635635
24.694832472230683
25.182571278019697
26.762333770392956
27.29369508305297
27.132228138503496
27.84586781354146
27.8246309891826
27.728969856618374
28.194894962888725
28.11934028605164
28.426191468281566
28.093024869838725
23.44832277114947
23.464466493643428
24.693976675861915
25.18054247221805
26.75905770405756
27.2899257794588
27.128907316417333
27.841181748610083
27.82062913109964
27.724929079361836
28.18793854734039
28.112718217630967
28.417917678628278
28.08639930744328
23.448644347380544
23.46264716419207
24.696413200333907
25.183866151566527
26.757890128271754
27.28980718927148
27.12833220865817
27.841538898458484
27.82073832082391
27.72484061142959
28.191279277952596
28.116366033697492
28.423525766198942
28.09057281727888
23.45244794368621
23.466191377999078
24.701800008101134
25.189822755552054
26.769050587812114
27.30071471841063
27.138439285663527
27.854179020533724
27.832868760720167
27.7369558848802
28.20478442588305
28.129493080209475
28.43722866491629
28.103589914547474
23.452668435877847
23.46708546476517
24.703921068616836
25.19138844226854
26.772142412137562
27.30411353719687
27.141731313101076
27.855902154460797
27.83478873738032
27.73862751655141
28.20611570420955
28.13078024175483
28.438264443366855
28.104942238351736
23.451818091012125
23.46408189038879
24.70449994281502
25.192335219986795
26.75693968974179
27.2901166427869
27.129128981219644
27.848092806118007
27.827473942302692
27.73244673547888
28.20197188688261
28.127368713704158
28.435436978614238
28.100244535047114
23.453631809709854
23.472553299913628
24.708192866479404
25.193865416286638
26.78032575279527
27.311580526134097
27.148518049769155
27.85998588733426
27.839489132132414
27.742342439504977
28.20564382570682
28.130026127677624
28.43551957466754
28.104411307178918
23.457216703684814
23.47458137944362
24.71471361709908
25.201369966456674
26.788370252736183
27.32032727210313
27.15670068223542
27.87157012463898
27.850453926820304
27.753726802234148
28.221367749785216
28.14555518944195
28.453193761036566
28.12017355492381
23.45753894295063
23.473942519452564
24.716415893828344
25.20313109872678
26.790726426820527
27.32303402812555
27.1591283694805
27.874831338043386
27.8536742548126
27.756486687863195
28.224221752223897
28.148493282412954
28.45604682057647
28.122880221912745
23.45869361378042
23.4752645351124
24.71920292352354
25.205627130033477
26.789698681107645
27.321454119527598
27.157974135399716
27.875822196611878
27.854594460695136
27.75775268100235
28.225574686315824
28.149968789353494
28.45766338725012
28.124388430926082
23.458694826790605
23.478544342326007
24.725539150334214
25.210141212434134
26.80211577635918
27.333266950713224
27.16849111896798
27.88223007064592
27.861429280033565
27.76329415367108
28.22865435824125
28.152689361975803
28.458855086955687
28.127913285537122
23.45858255116029
23.479010482955395
24.72371243642529
25.209172254400272
26.804903557943817
27.335976131314364
27.170955243545638
27.884580389820954
27.86354913162174
27.765123916973323
28.230352982441232
28.154281975947956
28.46051287188449
28.12955782361176
23.46010762532693
23.48146265582951
24.73021937818507
25.214215444447547
26.803177110693287
27.334426799250256
27.16977478078123
27.883227139290085
27.862646704743703
27.76479648424955
28.22975060814341
28.153863201908816
28.460167508758254
28.129244894008533
23.463059790925698
23.482890062004657
24.732924768405088
25.218104079913665
26.81040041493703
27.34231783096962
27.177211100756153
27.892632262572278
27.87152137439241
27.773440839131062
28.241054561638467
28.164928700553734
28.47291605263572
28.140461328093174
23.46045025993968
23.47804306666132
24.731492631109802
25.216618783406084
26.796449104139434
27.32953627480363
27.165238505015214
27.883415410499587
27.86277305097848
27.765109393604167
28.234533104144706
28.159210091544363
28.467473160216233
28.13401596433825
23.458843673853554
23.482061148625895
24.730568754826624
25.21396991608916
26.804895316813237
27.33561142225622
27.170548627823234
27.884319072539125
27.86418889713204
27.76561186245788
28.22759714771054
28.151736274397113
28.45627843111729
28.12709478966814
23.463394169665357
23.48631473471651
24.739385574217124
25.223950636975925
26.82039681204433
27.35213172667072
27.185688973027393
27.901201217469172
27.880252684343
27.780894837555614
28.247263879079696
28.170869348370008
28.478083955846575
28.14695424305918
23.464531606753347
23.4861875246392
24.74441834142763
25.22904687953052
26.82292846970119
27.355139406280248
27.18864487699431
27.90734771768676
27.88589417958067
27.78646195471776
28.255746421440048
28.179525414316
28.487739848269428
28.155110841247996
23.463031253001674
23.48756446509939
24.741070620814355
25.224914584425782
26.822016247562118
27.353518800061405
27.18734836362895
27.90221610170952
27.881704984654704
27.782039700587244
28.246801616117917
28.17046211792798
28.47662946453638
28.146353473819488
23.46016200271042
23.485070255401073
24.73590032507923
25.21914995610807
26.813313021813258
27.344087552707055
27.178463522319213
27.89017382764428
27.87040582460238
27.77113194838492
28.231809133088078
28.156025735710326
28.45976569670785
28.131518992074906
23.46443609957589
23.48927331847374
24.742882080282858
25.22669518560566
26.822608815727943
27.354077741818347
27.187818554514305
27.903324528040905
27.88298089790362
27.783521629525957
28.24754683864486
28.171369342548136
28.477123599862654
28.147002952492038
23.466383540209407
23.48932237113723
24.75030283856593
25.23446785595594
26.83183269017123
27.3642635043247
27.197059531344657
27.915319893959428
27.89426033663095
27.794660719573802
28.262998855792606
28.18666710465745
28.493919481076794
28.162313624308034
23.467836879851596
23.491885382545107
24.753362311658947
25.23772091760467
26.836876885493616
27.36948466080517
27.202195963875347
27.92127449952889
27.89989598699255
27.799705094778716
28.26826830457784
28.191616573578646
28.49944388243662
28.16746379534566
23.466921341462456
23.49221090138597
24.754570693038147
25.237813493228224
26.83811807208385
27.370421533544697
27.20282820347845
27.917828918729807
27.897147003314725
27.796550609186887
28.26219171616267
28.185583392518556
28.49186858495701
28.161756765476007
23.468552391171254
23.490679426884512
24.75662070381146
25.240181365539044
26.83096780531635
27.364533852828473
27.19754970203007
27.91863864291795
27.89758315756249
27.798102259021448
28.26836295753942
28.192221301307836
28.500259296120955
28.167303928018402
23.468784575467335
23.491336634143316
24.75714909540963
25.241406953364358
26.834845503565674
27.36829454048439
27.200871404630814
27.92061178594026
27.899724048286025
27.799517310274098
28.2693922743542
28.193272930472286
28.501520372377367
28.168845369383572
23.47000271522317
23.496431808925543
24.76346393938715
25.246098650463885
26.84867510974872
27.38124720952676
27.212716397511
27.930599101714126
27.90960899022847
27.808586888773128
28.276639492997592
28.199645250663867
28.507063529699494
28.17613236336545
23.47096132377684
23.49797758746235
24.76459780365292
25.247817090321316
26.84919470538433
27.381866527326395
27.213733422107797
27.93355106181216
27.912689625338473
27.811621579845383
28.27996917497675
28.2031538224424
28.510848828215714
28.179363847871112
23.472425781397185
23.49795629403752
24.766636284195133
25.249584539320626
26.84845816071629
27.381118233510733
27.21307232953728
27.935073794378035
27.913917532726728
27.81337186397841
28.283257184245226
28.20665589165641
28.515038236797217
28.182678870786106
23.469282012962147
23.4961624653943
24.763107309092646
25.24564617843495
26.844839656135253
27.377053292363602
27.208753938269858
27.928888305481564
27.908335134094695
27.80731695219065
28.27487071105742
28.19862610550615
28.50576453463074
28.174936952992265
23.472483893403844
23.498570624677555
24.76919401440504
25.251038919303422
26.853506024814816
27.386255071537693
27.217365141379066
27.93944736201965
27.91821458915477
27.817075557397565
28.28681935102985
28.210154981107035
28.518366686330697
28.186473281203906
23.47361157174138
23.499910542383407
24.77154929451199
25.253779802523056
26.85750336105192
27.390318814202505
27.220893885669945
27.941508955927024
27.920731707473678
27.819390860267568
28.288458657174203
28.211706647057397
28.5196410328629
28.187909601488037
23.474659535068405
23.50130912690488
24.76968524918567
25.25256969864141
26.860663575557332
27.393610053725737
27.22438802012506
27.94552109812121
27.92452663337736
27.823115828140555
28.291682098654693
28.214759912270694
28.52261421780882
28.190948274124402
23.473584915543505
23.499671560689883
24.770463253322372
25.253296557246223
26.857371898886605
27.390764144081572
27.221368329305328
27.943504548084903
27.922365830951676
27.82079041633802
28.290278401512285
28.21352707144206
28.521689596299915
28.18958339430174
23.473747374857304
23.50098759044522
24.77271139755194
25.255272893713396
26.860696997975385
27.393591585605993
27.224032065971386
27.947073938040997
27.926082289996074
27.82439741757317
28.29340275338467
28.216585837298027
28.524028208449838
28.19234559775062
23.47516335477782
23.502943514923643
24.779172197851924
25.26138496877349
26.866983506117645
27.400243093192856
27.230386530410446
27.953805073736685
27.932523748574443
27.830554369263677
28.301059082109667
28.224095507921437
28.532340901790285
28.200262591751372
23.474977047667835
23.503744218101676
24.780643312370724
25.262534932682158
26.871367667119927
27.40411381076095
27.233496354166352
27.955717374357324
27.9343115144231
27.831779356890628
28.301267531901626
28.22401470865007
28.53176497350649
28.200689781468565
23.4744318526279
23.5049464045207
24.779984654422787
25.261944051880327
26.870902436508082
27.403686357174973
27.233086184945396
27.954701932655517
27.933712682132814
27.830801051885366
28.29918309162024
28.221985560004242
28.529604657878863
28.199270538967376
23.474438971183513
23.506083971425326
24.780779875719514
25.262438910280604
26.871919085627077
27.404323750564632
27.234015167901767
27.954257563203686
27.9335201426084
27.830386555223686
28.297411672586716
28.22023040888058
28.527252305116228
28.197530701961803
23.471770654898133
23.502203494672965
24.775404639138866
25.256437690119878
26.856369757224535
27.38899552431586
27.220019660067457
27.938719939071568
27.919225638598096
27.817065572768037
28.280785536966956
28.2045452788696
28.50951778717157
28.18070530564364
23.47562545608274
23.505522184273033
24.783573986753538
25.26490321961394
26.874930513541763
27.407342199093403
27.236724516196222
27.959237948807644
27.937981819084523
27.83547716650415
28.303568600666082
28.226405220903473
28.533715661756258
28.20314754704138
23.47479695430755
23.50596488213608
24.781801269987692
25.262754497613898
26.870827634011306
27.40349729929478
27.23299465492806
27.952140434696837
27.93195079418128
27.829110256515026
28.29500496728178
28.218209966407173
28.524666852310574
28.19522176641519
23.476988853956207
23.50573412933719
24.785279851848994
25.26694652457911
26.871987964580274
27.406214269575884
27.235868048025573
27.960084107446363
27.939255557553903
27.83667401829151
28.307879276205753
28.231069422192586
28.53983390536852
28.207399106121304
23.47708232499472
23.506117650931344
24.78664405463883
25.267452926642463
26.871206684367905
27.40565772010399
27.235532477344552
27.959857870393083
27.93918477139868
27.836804246299817
28.306681207271144
28.229817835883807
28.537869658388022
28.206174700356836
23.475993115658937
23.507586428576904
24.784766534987
25.26604071678755
26.8714505425289
27.404129621051784
27.233431825681357
27.955830498848616
27.935622310620868
27.8324184841915
28.29879219701668
28.222172509371813
28.528980027168032
28.198958927607116
23.47828932454831
23.507676105271525
24.78722986560989
25.269751976756982
26.875212970642515
27.409844962156853
27.23934913746688
27.963862369982824
27.94325394750047
27.839985140514756
28.311128334539386
28.234490613531232
28.543661571557024
28.21095976772517
23.468843106675106
23.49359838249353
24.772666485974824
25.2532838136719
26.831389519063144
27.36555959886205
27.198283253568583
27.92458922570997
27.905745979756812
27.80481216882372
28.27355888439644
28.199036031658636
28.505422073192825
28.173138795161424
23.47817993761189
23.510797633134263
24.791168272497227
25.271440275490964
26.88097948540236
27.413831948648916
27.24260988366718
27.966014816408812
27.9455732138183
27.842357806355995
28.308871763243573
28.231857016140253
28.538382998856545
28.208884582859138
23.479781491531504
23.511819355038277
24.79461045344473
25.275023295984383
26.889976081876178
27.42335234344902
27.25108712497741
27.97440963816781
27.953566523209957
27.849655993502076
28.318069639649664
28.24080859127527
28.548340906862776
28.218184453834
23.47912377823281
23.50941601543195
24.794666992772818
25.274596668722154
26.876715304012656
27.411206620144913
27.240767109494282
27.96536145908646
27.94536401139058
27.84233735153171
28.31165089034568
28.234820354304052
28.542569065152843
28.21150137481197
23.480429082530797
23.511972636528903
24.79772519705286
25.278468508150922
26.892296932032842
27.426438775262735
27.2541040174047
27.978305849537712
27.957480773338943
27.853737523017287
28.32425438996198
28.246894973606356
28.555289174452636
28.224275147088303
23.477558266687907
23.507544957598263
24.795055514386586
25.275579742745556
26.881487969405896
27.415241881125628
27.243664699767056
27.969915297830767
27.949238767397304
27.845813974555835
28.31656929967161
28.24001905511727
28.547954080382095
28.216594461355715
23.47600739494642
23.509308389947275
24.791902041431726
25.27037950993421
26.87432042074863
27.40700696573695
27.236290636926096
27.9556631229009
27.936715045797623
27.833380684213346
28.295900458787415
28.219374274914248
28.524088251372355
28.196772924842662
23.475226114142117
23.504690539229557
24.792403978287908
25.27303188714803
26.870425040297583
27.404901036199828
27.2341899354875
27.95992218375287
27.94023265731483
27.83633963415798
28.306202421710626
28.230343124988867
28.538185176992876
28.206935428824316
23.481193466969124
23.514829685209712
24.805355567352688
25.285521052920746
26.900263770494945
27.43374200930909
27.26104431282396
27.986824302567896
27.96604093107395
27.86142446139441
28.331824187456835
28.254307969563058
28.56296498132828
28.232024723875565
23.47892975080037
23.51305707194132
24.800084086542324
25.279569135257002
26.88947906631862
27.422086295370235
27.25021870111836
27.97301303387947
27.953223122638153
27.848923602317267
28.31427852028771
28.237136440678228
28.54329494578946
28.214883797676315
23.48000789439886
23.513710950859416
24.80453457644548
25.283623309750837
26.894917560901472
27.42709550821981
27.254828808234134
27.97795587719376
27.95788045283185
27.85392961349728
28.319889358240253
28.242573659738166
28.548747074232462
28.21998551157648
23.481673576509916
23.514951320235475
24.807870361863632
25.28813796811432
26.901658762841123
27.434607932818874
27.26166179786845
27.990016641403372
27.968831841592124
27.864446734255374
28.33460514544568
28.257057482149367
28.564842546153802
28.23384790229925
23.48185122761319
23.516344991429868
24.812435212305683
25.29153907477535
26.907655029134098
27.440651339937975
27.26716011710497
27.992688778949613
27.971781220688925
27.86710922872789
28.335938809428328
28.258264436888222
28.565540517718482
28.23583401880035
23.480579521693706
23.514170202115896
24.807390522367587
25.288617694814477
26.902545002400565
27.435704066504332
27.26212663381654
27.990462439351774
27.969136568393324
27.864200480400843
28.33510187934401
28.257592336806585
28.565706554122
28.234581946397668
23.48371348033012
23.517311314250854
24.813791509076868
25.293450658337015
26.9106126243855
27.44404135695898
27.27022497281278
27.99677479487194
27.975540640884763
27.870625292698634
28.34119844781036
28.26339221308135
28.571318697035455
28.24072494105702
23.47926513221136
23.516024497620588
24.807800760109714
25.286059192327397
26.894377636013566
27.42665641777359
27.254331645482374
27.976742154994746
27.957233879823637
27.852540814080676
28.31735038927471
28.240141160181405
28.545544010579285
28.217640702202427
23.481758879521895
23.51748071311014
24.810202566016688
25.288314756033735
26.89428985664456
27.426940241237954
27.254958177763736
27.979468414269256
27.96006235638945
27.855906028932402
28.321200258352736
28.24404913397836
28.54965228119651
28.221442305160206
23.479449132997487
23.515957083787377
24.807551451623425
25.28624218838012
26.897101396186013
27.429977851457508
27.257403095016265
27.978412054580044
27.95900123008962
27.854222254692445
28.31898950876703
28.241749770471518
28.54722248661797
28.21942688129942
23.4832855704094
23.518533250436867
24.815820156218724
25.295550401551367
26.909965496300902
27.44362098890498
27.26989117699018
27.996443908006828
27.975574222494735
27.87057116204892
28.341056447037523
28.263387658811656
28.571380902673447
28.240874382189194
23.483889783955117
23.51985478225137
24.81860801061394
25.29815837284515
26.915266828657252
27.448224190458717
27.27413128790173
27.999354848285545
27.97856254108589
27.872881783522708
28.342415745450356
28.264606544483815
28.572206808131043
28.24242879778146
23.484082499931027
23.520094901349935
24.820490659691316
25.29919340546199
26.91807635816778
27.4510699984575
27.276698556933162
28.001437464259766
27.980568405358227
27.87470478617693
28.34430702007938
28.266319915557975
28.574160142415074
28.24433258356327
23.48311943867865
23.519040315700114
24.81713917769422
25.296429512772534
26.91226046201581
27.44515842548402
27.271145240424808
27.999715685251708
27.978910482802764
27.873028890406182
28.342702906499504
28.265078528453156
28.5726985405358
28.24236619866266
23.482934122020982
23.520101505460236
24.816443132648672
25.29523515111578
26.9088575774185
27.44215069465709
27.268439328688036
27.996390288830035
27.9761580796416
27.870559520773917
28.33908815249009
28.261562333973192
28.568810450531014
28.239041643541448
23.48447821256294
23.520825076258674
24.816876998199564
25.29612390899584
26.916702206836923
27.45072637398474
27.27620468739585
28.003038105276012
27.98240397104594
27.87679448233457
28.3457950495137
28.268001905601036
28.575432170924735
28.245653416138293
23.48148460237647
23.515331368767225
24.813163601291006
25.292649691438815
26.90661104906618
27.43996530599782
27.265910261769537
27.994588807583554
27.97382070641251
27.8679973504485
28.338220272993304
28.261151187886558
28.56875287526595
28.238082099854473
23.484413861412364
23.51970823648516
24.818613912709157
25.297558151518494
26.914218294549006
27.448806919113604
27.27432965418646
28.00091957754131
27.980550744514645
27.874749901454994
28.34455901237551
28.267007080326618
28.57489146913114
28.244720219390878
23.482316781376703
23.517276928039465
24.818325639891057
25.297737425862493
26.912998781676727
27.44706700542196
27.27246994412524
28.000876630664145
27.980360822116758
27.874182023663117
28.3454967403001
28.2681962013434
28.576094008673103
28.245286670465426
23.4780414489275
23.51650061752018
24.811001002634995
25.288156979503
26.89451935911732
27.42690179624016
27.254459332485578
27.976082009294608
27.957564069035435
27.85200943771368
28.314226979693277
28.237603658626863
28.54180116686839
28.215482023488594
23.48332817238014
23.51941578120987
24.823270924022182
25.302050137778267
26.918458277804962
27.45129232834046
27.27636253988774
28.00446384390924
27.983738514372774
27.877443905975603
28.348376595710587
28.270844158378527
28.578728694607797
28.248137965069358
23.48670503656075
23.524811465248643
24.83032584339867
25.308265041439086
26.930783403761847
27.46340368539269
27.287876919355007
28.014650849246458
27.993615414177484
27.887080137051548
28.35695567226222
28.2789088078954
28.58684412688452
28.257423298493983
23.486616918099465
23.524869941997636
24.82927212596519
25.30753779144692
26.927283787989403
27.461079615903298
27.286193066264214
28.013835303869122
27.993248829319064
27.886763384196627
28.357338413844968
28.279315224026636
28.58776235646563
28.257420953568527
23.487795881235996
23.52570208078988
24.831159084325083
25.309043657210516
26.929887289500062
27.463517933283182
27.28850918298885
28.017690757179597
27.996675395440363
27.890312892960942
28.36157955606636
28.283526634942774
28.592038202059705
28.261624832142566
23.484854606209367
23.52236095672871
24.830178926555096
25.30791380057513
26.923979932434342
27.45782443524938
27.282515789572226
28.011551701939414
27.99100573224882
27.884460901272973
28.35614643587203
28.278587729470832
28.587139203546354
28.256731423213942
23.48768656901074
23.525369756840828
24.833761598062626
25.311670593201807
26.931351706959543
27.465152599513686
27.28979698048351
28.020332027326837
27.99934874481444
27.89249447188697
28.364497506646444
28.286486623485303
28.595369061504968
28.264572382170588
23.48577241994486
23.524564522949866
24.82955891768307
25.306895343366637
26.92137210528325
27.454904053321247
27.280264784081293
28.00919811797415
27.98933320160413
27.882778019622737
28.351284927399487
28.273643851622378
28.580746050315586
28.25156444443449
23.488432013868223
23.525335568868286
24.83131335037352
25.310076582200786
26.93371867145393
27.468017322640033
27.292416936908296
28.023324846540476
28.00196782721691
27.895003591952168
28.367206814568828
28.28921741537071
28.598180410607874
28.26701492485892
23.48755998546413
23.525916941308655
24.82897973117814
25.306943206945885
26.929443259145398
27.463425900267396
27.288172713501915
28.016684974437002
27.99635198636728
27.8899399017291
28.359507426996196
28.281632558139844
28.58937976203091
28.259562975281842
23.486149091674655
23.52501880154594
24.826935955323577
25.3053418845639
26.924883178662128
27.45924605712931
27.284335326035524
28.01362041939022
27.993376930498467
27.88679754640642
28.355854237858917
28.27820571284677
28.585783235059754
28.256159253231754
23.48816048032727
23.526089184629164
24.834697701856413
25.31185761808054
26.935109377597872
27.4690599677953
27.29318524381128
28.022710258242952
28.002124818286248
27.895439582728045
28.365796849513853
28.287626162865706
28.59556187260731
28.266087957925837
23.488229460374953
23.526335395188738
24.833836851275905
25.311535599068655
26.936239138903762
27.469680181697754
27.293575716608142
28.02249662839879
28.002010245705677
27.894918837234133
28.364602676103008
28.28673594451539
28.594756547447204
28.265297431840963
23.487974755602295
23.525383152249574
24.836362198886064
25.313431925926793
26.934968170130144
27.46900629936297
27.29323794528903
28.02325471541981
28.002559193603815
27.895591583598453
28.367669025501502
28.28977165572464
28.598844456895286
28.267876467741285
23.48802374281929
23.524640529446465
24.835751295402474
25.31294492011378
26.93035918836967
27.46486805933371
27.289474695378775
28.02187908463028
28.001198690723708
27.894870200044807
28.367696257357956
28.28996819190922
28.598895126062487
28.267736440479403
23.48766745089526
23.526989889894054
24.837221404097686
25.31445920373554
26.936107309417526
27.470187458500423
27.29428432431372
28.02538450159509
28.004652235288535
27.89756532281412
28.369441954220953
28.291605805342858
28.600275848189707
28.26979663031097
23.486268338602244
23.524597664778895
24.83564396414469
25.312533745822016
26.9309010130805
27.465389150470955
27.289571844779942
28.01991768252357
27.999690350128937
27.89239063804586
28.363518116618913
28.28570973709775
28.594156204389698
28.264419558716305
23.48739191577674
23.526953294324063
24.834886829250383
25.31210183031739
26.930768791269827
27.465166078167186
27.289462479177132
28.020730589070816
28.00058827333828
27.893572790844434
28.363763292498604
28.28594626479574
28.594138326207144
28.26443676350849
23.47624078624264
23.5084133177128
24.812543920940527
25.28904608980304
26.875873315169315
27.41061050736263
27.239168123029053
27.969219375086553
27.95128937613829
27.846591854019294
28.315274673701495
28.24037780759696
28.546331097584776
28.215896972638948
23.48567246805051
23.525252080863893
24.83330425428146
25.311127903385426
26.9277307850326
27.46278720185603
27.286903546489395
28.017469795706354
27.997365815557785
27.890022829514514
28.359132868268457
28.28131211403389
28.58849053784146
28.25923284382331
23.48590422283508
23.525351641482786
24.831238133691993
25.30827821075783
26.92619056479524
27.46052729216635
27.285333583672784
28.01344591175613
27.993995775425184
27.887330850606297
28.354201213548016
28.27650363267242
28.582496719968795
28.25434178181643
23.486624212787657
23.526899545102935
24.836909744284867
25.31427724945871
26.9364863949965
27.471047859112044
27.294767875013576
28.023991763879074
28.00380875917972
27.89627949082122
28.36490745297366
28.28668977620299
28.593268558349113
28.26448390330051
23.4883045852647
23.528169702481875
24.84160416768168
25.318412616990507
26.93987484405851
27.475044753283438
27.298763411758554
28.028012135610894
28.0075184799969
27.90047234352909
28.371162807972972
28.292997342456086
28.600634915710085
28.27145563252476
23.486908738735735
23.526846688911597
24.835730720925415
25.312624666161355
26.931502829084014
27.467005261171817
27.291091867987088
28.019634630190378
27.999763364351544
27.89284474897287
28.36144427096198
28.28347738561044
28.59050731775094
28.262213081926355
