17.521298972142855
19.00889142357143
19.895672972142854
20.642256252857145
21.244163335
21.733326081428572
22.16616533928572
22.49853786
22.780392181428567
23.010602555714286
23.214241256428572
23.394935104285715
23.54400895
23.67572299
23.79217635
23.892229155
23.981766959285714
24.07371036642857
24.147413882142853
24.21315351071429
24.27877132571428
24.335878115714284
24.393781459999996
24.440389462857137
24.489808052857143
24.529329203571425
24.57672686785714
24.61742036214286
24.654792860000004
24.685725204285717
24.721927345714285
24.756344102142858
24.785569266428574
24.81553656071429
24.845094535714285
24.859849465714284
24.898819066428565
24.922551634285714
24.945304576428573
24.971553302857142
24.98123243857143
25.00992925142857
25.031363512857144
25.051215813571424
25.067307102142856
25.084235576428572
25.093674588571428
25.111211804285713
25.128304220714284
25.140129355
25.147958810714282
25.16343406785714
25.174804004285715
25.184496322857143
25.195075867857145
25.202942070000002
25.21396468714286
25.220860135714286
25.23197195214286
25.238999640714287
25.24606489214286
25.226245993571432
25.259895567142856
25.268550648571427
25.271381055714283
25.277320009285717
25.285208912142853
25.28233709571429
25.29716129
25.292697175714284
25.309870673571428
25.310966361428573
25.31746238
25.316819521428567
25.326647718571426
25.323637222142857
25.325922362142855
25.336494216428573
25.34374242142857
25.346012732142864
25.34407696285714
25.353889400000003
25.34083521571429
25.364704877142856
25.365647507142857
25.360210272857138
25.374776644999994
25.377204258571428
25.37990244
25.380059854999995
25.38580299142858
25.385260507857144
25.392101784999998
25.389998741428574
25.393868219999998
25.39511218428571
25.397550512142857
25.382944753571422
25.406716772142854
25.407739747142863
25.408962077142856
25.412811120000004
25.414644202857144
25.41593151357143
25.419269192857143
25.420184025
25.420733532142854
25.42643120357143
25.422489977142856
25.427415427142854
25.42967065785714
25.43173514
25.43302220357143
25.432302995000004
25.43884540785714
25.43454758857143
25.43727126285714
25.43991094928571
25.437454947857145
25.43506027571428
25.431523993571428
25.441883960000002
25.440374275714284
25.44909314
25.44573811285714
25.446109190714285
25.451671284285705
25.452629452142855
25.44081152214286
25.451577346428568
25.453182092857144
25.454509336428572
25.43468905571429
25.458197673571426
25.459891949285716
25.462315213571426
25.45810350357143
25.462401871428572
25.449701920714286
25.465891705714288
25.46362303142857
25.461708655
25.468484887142857
25.467798234285713
25.454787341428577
25.468473044285712
25.471295942857147
25.46589062714286
25.46893349214286
25.472247611428568
25.473809582142856
25.47337408142857
25.471356909285713
25.474971888571424
25.47641127571428
25.472625663571428
25.476814198571425
25.471262924999998
25.476083095000003
25.476818079285714
25.461216004285717
25.476177817857142
25.47777414214286
25.479398589285715
25.480806965714287
25.48103326714286
25.483151115714286
25.480445783571433
25.474872400000002
25.481227560714284
25.48147241571429
25.480720905000002
25.48726448
25.456043525714282
25.484456415
25.484460960000003
25.485966754285716
25.475313840714282
25.484888047857144
25.487003974999997
25.465184499999996
25.490378637857145
25.48831390714286
25.488855801428574
25.48849063928572
25.490848675714286
25.474995747857143
25.492696783571432
25.48847387571428
25.490774133571428
25.475880104285718
25.452623088571432
25.48986062428571
25.481278959999997
25.493380909999996
25.494175278571426
25.49334993428571
25.493882820714287
25.49495580857143
25.49518429642857
