18.924896676428574
20.54083626857143
21.76779802642857
22.73529326857143
23.46624422428572
24.107383014285713
24.60767541285714
25.01546047857143
25.387160983571427
25.712843412857147
25.993155676428575
26.23965302785715
26.464326870000004
26.668059022142863
26.850428368571432
27.023807608571424
27.168055583571427
27.334419872857136
27.47186711785714
27.602595080714284
27.722127480714285
27.837902738571433
27.95425928714286
28.046842334999997
28.145784096428574
28.23723801857143
28.30634870214286
28.407205463571422
28.488498423571425
28.55458925928571
28.633531575
28.702623651428574
28.751722142142857
28.812844942142853
28.85627644857143
28.933335693571426
28.97584513
29.033219955714284
29.064862283571426
29.11938981999999
29.163843277142863
29.196640199285707
29.243175240000003
29.26344458071429
29.306894967857147
29.349015806428575
29.333737044285716
29.394536456428572
29.432580824285708
29.458588776428567
29.47466081857143
29.491942682142856
29.530151164285712
29.54252307928572
29.542771153571426
29.590866015000007
29.603570630714284
29.617878965714286
29.64743924571429
29.65788075499999
29.657865490714283
29.663576913571436
29.702775072857143
29.70037375357143
29.72719855071429
29.737362345714285
29.762605932142854
29.74936896071429
29.76523135142857
29.79946954428571
29.778646893571423
29.811079530714288
29.81807704571429
29.82714777357143
29.83580169357143
29.848621495000003
29.842867164285714
29.857839348571428
29.870053992857144
29.887193559285713
29.87802736857143
29.901058512142857
29.884541757857143
29.878151579999997
29.921264220000005
29.919805385714284
29.941972852142857
29.929801938571423
29.94653538428571
29.918381825714288
29.921050193571425
29.96561707642857
29.930522005
29.97732007714286
29.963005405714284
29.96787761857143
29.988010502142856
30.001041320714283
29.988983366428574
30.012643577857148
30.006066893571436
29.97059772214286
30.013850889999997
30.00753198714286
30.01074664285715
30.025580343571427
30.010769288571428
30.038202285
30.032789142142857
30.045445292857142
30.03945889071428
30.049939276428574
29.997715821428567
30.00012466642858
30.028760247857146
30.05631377857143
30.02946821071429
30.03394155785714
30.077641148571427
30.07937075785714
30.07284714857143
30.07669692785714
30.052625212857144
30.071751540714292
30.038054124999995
30.03664523785714
30.066622059999997
30.097825249285716
30.078408874285717
30.106242106428574
30.068233457142863
30.035198585714287
30.00530894928571
30.094858464999998
30.06665305428572
30.08126151928571
30.085327194285714
30.08254260142857
30.089349428571428
30.111590193571423
30.101809472142858
30.09771703214286
30.12221935571429
30.106408586428568
30.09517195142857
30.11183632642857
30.113058633571427
30.130425217857148
30.121738746428573
30.107305561428568
30.100510091428568
30.096462640714286
30.11501793
30.099014599999997
30.14341255928571
30.13857761642857
30.13749832857143
30.140049552142862
30.126244121428567
30.134354570714287
30.141313402142853
30.155662607857145
30.06278911785714
30.06237089642858
30.157059434285717
30.148431401428578
30.161810700714287
30.16061887214286
30.148193186428575
30.143051663571423
30.10041475857143
30.153892737142854
30.118685459285718
30.167475599285712
30.151788283571427
30.14122049785715
30.128095484285716
30.147847235714288
30.18085074214286
30.16618647428572
30.15512442428571
30.176732899285707
30.174458957857144
30.150188984285712
30.159497687142863
30.14317674571429
30.167098551428577
30.170133195000002
30.185257947857142
30.17976181785715
30.188969625714286
30.187269609999998
30.187790284285718
30.08317582785714
30.16819988142857
30.177082625714284
30.17225005
30.177840131428574
30.172020580000005
30.144149985000002
