17.020277854285712
18.587964187857143
19.321646501428575
19.975837737857145
20.551643315714283
21.072047350714286
21.537619952857142
21.95425992285714
22.31423288142857
22.633095872142857
22.9201583
23.185426095
23.41950068071429
23.628805200000006
23.822975384285716
23.99274557142857
24.148165646428566
24.294886532857138
24.423144070714283
24.545516179285716
24.65752089571429
24.75804803785714
24.843892062142857
24.92346724285714
25.026454762857146
25.101388978571432
25.173772967857143
25.244263310714285
25.310095357142853
25.372329408571428
25.43055857785714
25.48549598071429
25.54113469857143
25.581601832857142
25.635286038571426
25.687143862142854
25.736479009285713
25.764831107142857
25.80633895285714
25.855261562857144
25.894959043571426
25.927586746428574
25.963126880714288
25.993754612857142
26.012835095714287
26.05388503571428
26.06845175928572
26.110235999285713
26.145263252857145
26.16565067928571
26.187664893571434
26.215507142142858
26.239147292857144
26.25466390714286
26.282630607857147
26.30294498
26.32027023142857
26.339824716428577
26.35452520214286
26.374837035000002
26.392072082857137
26.410131990714284
26.408025160714285
26.425010705000002
26.449941374285714
26.450687245714285
26.458234925
26.48038318
26.49793328214286
26.508812177857145
26.518957519285713
26.527085195714285
26.53837181571429
26.539948362142855
26.541112590714285
26.56946753071429
26.561899496428566
26.58394939142857
26.595610737142856
26.601483272857145
26.608108679999994
26.61053922428572
26.616605587142853
26.62685415142857
26.63457446
26.62232094785714
26.630293019285713
26.646415175000005
26.653139555714283
26.660838556428565
26.668285199999996
26.673928665
26.67997994785714
26.685204223571425
26.68699514214286
26.695483603571432
26.695755732857144
26.702424398571427
26.703471595000003
26.70294425571429
26.716192252142857
26.72257907928571
26.711977015714286
26.729401395000004
26.725493780714284
26.72689015142857
26.736969030714285
26.73874797857143
26.73299686142857
26.74186328785714
26.752094354999997
26.75432511642858
26.755262841428568
26.76084707
26.76216226714286
26.762648595
26.770275939285714
26.763168484285718
26.762380380714287
26.776913056428565
26.782051677142857
26.777547984285718
26.767641271428573
26.778618685
26.78884088142857
26.793359366428575
26.791129372142855
26.792254057142856
26.793969484999995
26.80192224642857
26.804096171428572
26.805660355000004
26.800255967857147
26.80892610571428
26.811208195000003
26.81357523785714
26.812018565714283
26.814639711428573
26.820779887857146
26.822173040714286
26.821302959999997
26.82104207785714
26.808697605714286
26.824868289285714
26.81992444428571
26.82651536
26.826148866428575
26.822583839285716
26.829621149285714
26.797851951428576
26.830782117142856
26.83776327714286
26.831435499285714
26.841548069999995
26.83444556928572
26.82336500785714
26.826644939999998
26.84838295857143
26.837012684285718
26.841405724999998
26.850300715000003
26.85319957214286
26.85056541714286
26.85662292357143
26.840836313571433
26.84326614142857
26.842336170000006
26.856853980714284
26.85932788
26.861109765
26.858485272857138
26.856126569285713
26.86136118428572
26.85412351357143
26.86036050142857
26.85990611428571
26.84031070642857
26.863279417142856
26.87197497928571
26.871324122142855
26.874218812142853
26.86966082714286
26.87627790142857
26.867277196428574
26.877944733571432
26.87310723785714
26.870121974285716
26.878107647857142
26.87787504785714
26.878995112142857
26.87773617357143
26.880402809285716
26.87605057142857
26.876421965000002
26.83549123071428
26.873271789285717
26.870367107857138
26.878603041428573
26.883030552857143
26.875828255714286
