16.97390577481043
18.713957928583547
19.780585814834335
20.783067963519876
21.607765047853952
22.299301569315524
22.864429574667135
23.279667574124954
23.614282793560978
23.878390964837333
24.125489570150314
24.336312065758992
24.517302983902805
24.699560146120717
24.828897911475558
25.007065629645655
25.142502899969095
25.265164742082323
25.392947823338897
25.511656580959848
25.623912192714148
25.723903959223406
25.827538495005932
25.915654398627062
26.0113426962205
26.080487096449847
26.16530218615668
26.237546302858384
26.318351377127385
26.393550747145436
26.46578813835447
26.529012926840835
26.589173105796732
26.633633319482716
26.69933160180153
26.74808547360943
26.800319462299594
26.85730839349261
26.892787043363764
26.951179310037322
26.991236609237557
27.034447231766467
27.066251746824243
27.104773968974946
27.138539406146474
27.178897739251855
27.206076707923142
27.23899023091052
27.276862270823866
27.30628716435187
27.33676398367985
27.337974406683532
27.37480497393796
27.412476143138132
27.439785321310236
27.463791316998925
27.489284533947544
27.50809373525754
27.5340725426124
27.553952623535586
27.574069573629565
27.59215330077463
27.614976908150954
27.623442354141485
27.654580741586358
27.665469820696234
27.682578126710272
27.699368809751743
27.715841073304627
27.73934347407856
27.75409849422696
27.75344407606465
27.77204103058156
27.791932133337866
27.78390452953094
27.818018504862785
27.833392886545187
27.828018707746942
27.85473927021217
27.870700162277405
27.871489091641223
27.891395558981674
27.905130769837662
27.894009943166413
27.91944279755884
27.932778762642275
27.94173508017864
27.94961788214336
27.93242202853815
27.971213985401967
27.96884519348155
27.98008796306711
27.994559082315533
27.99969514542024
28.00424500176561
28.011900991523817
28.002478358290407
28.026562030474135
28.034291455885057
28.02815207198078
28.03999190445543
28.047050430818388
28.042897239889026
28.06757398807795
28.07371494211867
28.078004457568944
28.07742351588132
28.09083217478177
28.088064463844624
28.08388469640131
28.08970677510005
28.104406097488027
28.073191211750807
28.11785066409254
28.114813093765687
28.12291788193875
28.13352370025793
28.134605396280488
28.136752502776496
28.12197056813472
28.139350604895576
28.147101874025736
28.15007195122993
28.15390390983891
28.160909995098542
28.155833745002372
28.15400444588544
28.16135643975503
28.171294972079846
28.14893844400936
28.169438655872472
28.181701201745405
28.162492766245666
28.178662052862727
28.18847498910326
28.18433490890785
28.189333895867332
28.19774033756766
28.17001306523292
28.19284950022057
28.188982784537792
28.157291954700245
28.206483107125717
28.204783743878874
28.194212170033747
28.175582038646173
28.206094942966963
28.216594525405633
28.21746451280459
28.194655912161778
28.222795169725487
28.224823877619627
28.224961012791333
28.228533287944366
28.217625947272744
28.19591940729735
28.228487461494442
28.222355291147174
28.228774929794444
28.227436447028634
28.226048247739396
28.240778248471504
28.23620852381995
28.235416314823613
28.23690485361481
28.174190184410755
28.240678363832497
28.243345833388197
28.234296581480894
28.23073456212264
28.24880523476278
28.220711536995207
28.196404885287482
28.25573589641122
28.245864613728838
28.243837512098263
28.25535104969621
28.25561585747182
28.255164267386732
28.24585806855715
28.261009863597927
28.25022577189223
28.2535545686448
28.255297923559674
28.240799109301214
28.26175315447362
28.26556537834653
28.266994602691057
28.245871937026383
28.202290897406005
28.270751127520356
28.256095537231488
28.228735646727905
28.25851488614354
28.273698277309894
28.26669639983566
28.235885437227772
28.266696222524214
28.273076837746206
28.270290537908668
