17.69316277811536
20.028787950863038
21.115262029461423
22.083031129892742
23.034061881721584
23.77914391799029
24.57039936864921
25.164275172054413
25.660054748829616
26.117586569754224
26.460212703517207
26.795022768899063
27.05888650619718
27.31025537862504
27.53802357773657
27.754502292345343
27.980298612794673
28.15852538945504
28.31237022744764
28.47764043392363
28.607737013118356
28.742892059316578
28.86071553503236
28.97471114529214
29.093574365602556
29.197187202405875
29.294595248664677
29.374853065445585
29.463011311061763
29.540847060247906
29.620146121520918
29.70596340716957
29.773728293856827
29.82155880563413
29.903786329830755
29.959391011562808
30.021046788502098
30.058788226252823
30.10215512006906
30.17314942295298
30.20981869831396
30.252319838110022
30.29702955452995
30.33960668519558
30.374270793937
30.398726583877643
30.380751187669034
30.474351558891232
30.486200555015195
30.521438507755043
30.554237970758525
30.586136037676514
30.600680098912342
30.634039060327495
30.656452568627458
30.67266601491816
30.705405949290547
30.724359453250802
30.74519297751172
30.763193229756236
30.775153666871265
30.798992857828527
30.806771731242577
30.80507830818626
30.845081460361772
30.85616862830773
30.858962573639968
30.884223352395317
30.90501334435939
30.898361983646833
30.923211575566604
30.930249439835222
30.950421332368368
30.956321378134874
30.960431524920892
30.98346535374713
30.983663913803262
30.998295240878083
30.998543910854227
31.0203512164382
30.989671733540913
31.034906853061525
31.048924921899463
31.049288926885005
31.05312287769839
31.07553302354319
31.080310842483815
31.085859314283706
31.056879635933083
31.077614947507367
31.09914922406866
31.10647249954792
31.106491608482372
31.114293580511596
31.12727059491805
31.130235928470565
31.134996914162805
31.136779041593133
31.143899810724186
31.135150177237332
31.159283431863237
31.1680205870287
31.161413060587897
31.17743051348953
31.181770233867052
31.183728376463446
31.183781655685458
31.191517015230342
31.192466367981304
31.194701000648603
31.202824008987772
31.169523134609275
31.21642812789713
31.226336529068302
31.225080876850853
31.231828566706685
31.219401073699817
31.23046828027486
31.238691492147186
31.23270873486234
31.228452691687604
31.251934301422448
31.22275099522906
31.256004647367927
31.254260236162672
31.219948744709495
31.262076024295535
31.248419988057286
31.252184709011633
31.233618902397684
31.269510018158226
31.249894533727417
31.28116266297628
31.242438723745128
31.264336634400166
31.241695763409503
31.282677244590985
31.277660783087267
31.280915718201353
31.299577071595632
31.293136056510694
31.288675506949886
31.30079802269776
31.305457117369674
31.30982420953217
31.298774984287544
31.308214373700633
31.287358944642886
31.29064453676735
31.31482713170895
31.303598186060075
31.304217355034105
31.32279741795291
31.28600813366263
31.329827105994834
31.328700129537374
31.32941325895744
31.32174862333641
31.320669352890967
31.327139911804913
31.331114709721213
31.334936743893426
31.341855815886852
31.342690055718244
31.336658674301134
31.339893265068827
31.347828449086506
31.32201627764823
31.32999792390284
31.332990359200796
31.349335415730884
31.341387296283553
31.357139017664764
31.3597120155953
31.33198722061189
31.360292550049596
31.352216677524602
31.351252328966858
31.366961733951506
31.3578931232914
31.367515208409465
31.32436012416187
31.357932331192696
31.365181209748073
31.364935831296012
31.339073383117746
31.373664118539438
31.358888459794542
31.372186179645176
31.355097748824107
31.37446113204447
31.333864960699596
31.373773711335804
31.375441469497314
31.3765605035382
31.38120070665944
31.36662977088931
31.391837210833614
31.38408410643518
31.387212314983394
