17.63425574158949
17.810159629003294
17.55647124627063
18.004762259164075
17.396399167675277
17.76643494077164
17.569621338153876
17.421533162478838
17.533259110663618
17.503413587127305
17.46124027827885
17.51489329003702
17.134298868190164
16.99144298206671
19.097070504623264
19.38261393671783
19.07734837803962
19.5426349330712
18.81956450644692
19.2952202013168
19.097794236002528
18.835704425332782
18.990211247639692
18.979162710106486
18.961522047225472
19.044038072083904
18.577934162505663
18.423660560060146
19.724245617784497
20.182597545001173
19.907863924916224
20.351189260081103
19.62966073420314
20.187838390068503
20.017553692158067
19.742619677310195
19.929214588097654
19.935582844500107
19.93006739895676
20.04393416065562
19.555093515380666
19.40196025691657
20.161746148147344
20.796092607383024
20.56870285717653
20.99711976882194
20.297987567337973
20.9300060035638
20.784429117512605
20.53574429922636
20.75718785099377
20.772082293747378
20.77251017447984
20.921304742459018
20.425600670575104
20.27107343991318
20.46832958109642
21.244937584829714
21.072936495909698
21.490470272725204
20.821099634084952
21.520441049284084
21.396703744754205
21.200021379558912
21.452305629377182
21.467208856241975
21.47039750438483
21.651654945471833
21.16011080651254
21.001669211943636
20.72582876853325
21.601923822297646
21.47627159244048
21.887182575123955
21.23781190411226
21.99480927216013
21.888188092446406
21.74418987184809
22.022926349835036
22.03350523132394
22.041711164965605
22.24952761886475
21.763029467971062
21.599659417870594
21.004315280632685
21.94640264763324
21.848523249452388
22.247018899006097
21.59667546941571
22.419895051485426
22.328368335181445
22.207286539592136
22.511185109716067
22.51948581938777
22.539919786243896
22.769380451060773
22.27829453715907
22.109563559792726
21.18567354375411
22.17971432543014
22.118571204765512
22.513241786568813
21.87238052353363
22.73424889511938
22.65537575334096
22.581514719274907
22.903250830786796
22.905328753810643
22.93325924994312
23.179907166249155
22.69461622366509
22.522447071074964
21.344809604681817
22.376772481735124
22.349953636033145
22.73855755378165
22.104735282016854
22.994820113284703
22.928305582067505
22.899429739745244
23.23525777317058
23.231625437771967
23.268711860289727
23.528847380426836
23.04933978705263
22.874324317981998
21.459821524603253
22.52458929914991
22.531286465943808
22.91723604914317
22.294186503014267
23.197539764118073
23.141626877892126
23.168200956191228
23.515771433641945
23.505211755731303
23.548385307048047
23.820359881371107
23.35052920214196
23.1736907576276
21.576627012968594
22.6692818424524
22.700584952366388
23.083295630647378
22.46406853839862
23.374117386967896
23.32698224807006
23.395355436392713
23.755835337179946
23.740507993175374
23.792361441286
24.075442467552303
23.611233219019613
23.433684080994247
21.671828377616144
22.78705821183563
22.845940829946624
23.220607025245357
22.608025488241243
23.52951731687386
23.49371742898089
23.605520440794983
23.973821827861276
23.95448537455259
24.01420501608185
24.305771969471703
23.848500648765192
23.67009148501
21.760111899182316
22.894946672641787
22.97207154590534
23.345938910107655
22.73554814978494
23.652471266731514
23.623021123026515
23.767946004336224
24.148422389190603
24.12514146363501
24.193064494949713
24.493826697375876
24.0406987349085
23.86291596264826
21.815450441594486
22.96675649805414
23.069617371912226
23.436144811017098
22.835669460799778
23.756816841334267
23.737729498536734
23.93350287185127
24.31743178175215
24.289391367871513
24.361695015624324
24.668402790535538
24.22498438863075
24.046528719378934
21.881364915057368
23.04793612360135
23.165631921021184
23.53023347927677
22.931798723970207
23.851165917542172
23.83768292103807
24.063541873671596
24.45605209680385
24.42540174756931
24.504069194015678
24.817674452109028
24.37779059268172
24.20012495318181
21.915524018659255
23.092162410020325
23.233489270784833
23.590229351754243
23.00197228650029
23.92828082122136
23.924830329710545
24.199670599807714
24.590505076662048
24.555836076688063
24.637297774897572
24.95304696744655
24.523105827175293
24.34525735235986
21.97921895798416
23.169630204352117
23.315158746417936
23.67590824874298
23.083844437489034
24.00495979324251
24.00253526925672
24.282133015866606
24.68642943402611
24.651399334429094
24.739941268432936
25.06460410377207
24.632095126968725
24.456879486516375
22.017619020062146
23.21775957353666
23.38059848250278
23.736064384080528
23.14939130994336
24.08283570850811
24.088420482711
24.398769510238353
24.803924318901018
24.766913243563483
24.85920352505623
25.18698700464933
24.759164880675655
24.5842936951025
22.04673370773115
23.254533908730153
23.43192605805463
23.783300471269342
23.202042374136163
24.140555903805335
24.152509648288653
24.494882088353485
24.900550596991888
24.86119583166725
24.956083947863124
25.28625911514004
24.863754976099422
24.68946570823663
22.078991142263412
23.295001742273215
23.48113681766164
23.833554716770823
23.25455997874263
24.19452679449191
24.20937845179599
24.571796708150416
24.982057518206844
24.940774644118203
25.03850980041503
25.372497436864254
24.95218333271759
24.779180065105148
22.106752115571968
23.330111347609268
23.526684072110594
23.87621435234064
23.30048098650581
24.251607475203883
24.27154172166752
24.65390344055156
25.06545978914633
25.02319079345469
25.123460874006604
25.460421234269365
25.042565381492302
24.87040497522675
22.139566230279346
23.3698558562404
23.571317465439737
23.921418195572464
23.345816436376403
24.302578050037607
24.324910064647163
24.714885300714123
25.1322154697563
25.089740738432404
25.193464380312424
25.534636225860865
25.11621876201817
24.945670425259863
22.16556153503732
23.401418642539923
23.612206650524698
23.960578117077297
23.387222487272712
24.353273425102056
24.379798519243913
24.786589295535578
25.205350874337817
25.16167967894622
25.26805437112058
25.61147653072392
25.194755961973435
25.02497434327352
22.191303015660885
23.432337223991034
23.6472213937566
23.99569877625908
23.422921739722334
24.395578767608583
24.42417550165402
24.838479190395397
25.26064186569091
25.216753147351415
25.325820524153787
25.672124980784577
25.255430803302083
25.086965553515288
22.203107335746566
23.447477694287116
23.673905210692883
24.01775036399485
23.45047095290558
24.437848308843243
24.472326776006124
24.913193710900575
25.331313628119435
25.285856705702976
25.395196659111487
25.740674675999156
25.32826210706774
25.15992860437774
22.233329462110465
23.48339798520948
23.70919774935528
24.058074552011217
23.487936918011258
24.478224136194836
24.51128304805592
24.94426595147052
25.370617412136742
25.32567876983928
25.438619477083634
25.789215315214317
25.373573242469412
25.207194822084425
22.238823509168547
23.491804432692014
23.729915920824368
24.072425701981913
23.5094909866168
24.516488146141103
24.55617037081706
25.024396582755934
25.444151849378486
25.39670121371504
25.508589070426613
25.857214874759237
25.447568790566525
25.28043471227613
22.26740818200669
23.526411003101696
23.764298260971742
24.111012516308485
23.544619682502372
24.562289667031298
24.601426509747856
25.05844669264038
25.485336244789334
25.439207524184734
25.554055815431955
25.907690203144085
25.49347136287249
25.328211423807026
22.27314147353644
23.534622989814245
23.781365414130295
24.12373253095744
23.562671293140056
24.594505329087962
24.638437506408476
25.11946564096742
25.541488336035215
25.493876283425728
25.608121623359317
25.960303379182847
25.55033899577734
25.38502925136285
22.30067589217491
23.566065248592167
23.811301716376814
24.15819342275013
23.59330340222298
24.628180029077186
24.670587018055837
25.139614693918446
25.569659281944535
25.522580929076263
25.640533066937255
25.997137204252965
25.582959557604244
25.419361400597385
22.297752592705343
23.563821751755178
23.82143291042334
24.160930874965935
23.60438866126382
24.655556156520408
24.70486192948083
25.211912275170548
25.631967224977746
25.582481569273938
25.69830011086153
26.05048916214511
25.643739729762064
25.479347896055465
22.31327086975229
23.58274054984434
23.84293189303818
24.183521689415997
23.62689071050554
24.69301572453332
24.743670471527768
25.253186995073403
25.67450097862788
25.625286642943774
25.741776311414863
26.095780153423465
25.687992046926585
25.524252404627852
22.340242099728403
23.616471393473724
23.87258163379326
24.218735661907466
23.657321569577398
24.727989064344573
24.775698237847042
25.266762987723432
25.69823007870249
25.650400603457847
25.770105325901625
26.130723025126354
25.717202359159355
25.55550569006723
22.34236434213837
23.619129915719153
23.883473854150722
24.22479567594043
23.66869929365593
24.7504878921675
24.803029104222592
25.321738893770885
25.747087747581585
25.69716033512559
25.816123155573663
26.174173381332746
25.765808525474622
25.603439728230256
22.35027164124883
23.628811069332627
23.897671420524958
24.23872643806161
23.68465817854885
24.781396780717944
24.83603203613311
25.365787375518686
25.7888169246935
25.738312847619987
25.856574115957304
26.213685337495786
25.806350378090176
25.644228935014098
22.363222765721456
23.64413460649901
23.912787137481587
24.253990395264015
23.698640671359776
24.799948040630042
24.85493210218106
25.37372488153983
25.80008306014231
25.75075655413544
25.871566142101553
26.23106764290277
25.821569546707995
25.66146896542398
22.384467826261382
23.672312857714672
23.939271763844022
24.28533568806936
23.727171731843676
24.84234075325804
24.895312575774664
25.41422473871967
25.846529683325524
25.797249072375013
25.918052344122273
26.282176247933094
25.869666769642944
25.709354875969147
22.386077221699093
23.67396082148241
23.9487462130445
24.289187426356293
23.736169941571717
24.857953025595748
24.915605706520363
25.459351095836396
25.88583490979241
25.83455769595036
25.95523668834487
26.31655281287605
25.908436065034625
25.748053238370467
22.395697823305557
23.68616944428411
23.961911916313458
24.30433523709711
23.751033765417986
24.881890489285087
24.939763697907495
25.487955895015432
25.915370351289468
25.86372102456927
25.984312043700324
26.346170219548497
25.93803893900643
25.7778932185666
22.409614492259614
23.70443937005792
23.980147252680368
24.32480038852855
23.770446226670845
24.908886177456058
24.96632325903804
25.516008059256563
25.946818828704124
25.894694457682498
26.016052450756675
26.380906910555623
25.9712462651786
25.81136209257957
22.40171815574566
23.6936753665461
23.978349826929712
24.315409700581988
23.76760626227054
24.913220424951614
24.976459851392683
25.54868364678272
25.969293438199777
25.916172546422917
26.0368821635926
26.39577202670672
25.99178479060066
25.832225929437648
22.42250474976684
23.720350967586036
24.002350233114555
24.344571936676797
23.792849714703017
24.94504220147951
25.005861210087183
25.570448794735167
25.99902198694082
25.94583663534551
26.06800284099089
26.432488788946173
26.024347475838717
25.865331976093053
22.432755370015357
23.73392374679684
24.016208644887655
24.359447777500115
23.807339475498495
24.96735411648879
25.02844308784564
25.594911049527724
26.025183340620654
25.972059128535044
26.094677359338686
26.460999512376784
26.052191498919964
25.893595058446657
22.44132003515936
23.744847077160912
24.02829423228988
24.371769821340948
23.820096489056773
24.986968040602477
25.049112383163884
25.619920019335872
26.050705630216783
25.997436177587037
26.120279306697988
26.487516943155427
26.07856266040617
25.920192565897
22.446877822568574
23.751328268798705
24.037079597549646
24.380109291344638
23.829229913436297
25.00123665583712
25.064652889744984
25.643483552243808
26.07342963549915
26.019374190471844
26.142429051268255
26.50910380309686
26.100980891824374
25.94298387177845
22.454448627722165
23.76127213049889
24.048372064207513
24.392083378739216
23.84147670342964
25.016513322044176
25.080650921914987
25.663975161168352
26.09478994518524
26.040291144724687
26.163885984213504
26.531728467879077
26.123730361040483
25.966079873504103
22.458723745730467
23.76712210336948
24.054938204027803
24.397880880789728
23.848080460883548
25.025108999839272
25.09073079245982
25.675073985333245
26.10603386657615
26.051852633439797
26.175948323597346
26.54407791718702
26.136256986698527
25.979615336329207
22.470170028744686
23.782298038001812
24.068994576292255
24.414399442833922
23.862757122426608
25.04646790315718
25.11100329269769
25.688397300219826
26.123866262170548
26.069954621343545
26.195001069132594
26.56673047329231
26.156522688403047
26.00040244801618
22.474438828151936
23.787997950976468
24.077687064910148
24.42164142437953
23.871590560686393
25.058605875808116
25.124839440854725
25.71630914411328
26.14994796059527
26.094840562107994
26.219816901603426
26.590633113598916
26.182137140153635
26.025773135259083
22.478571312949946
23.792981850227953
24.08434004398953
24.42808228654358
23.878892275575787
25.069013207326247
25.136310451196028
25.733433140099812
26.166251549905805
26.110827633679044
26.235948417407375
26.60622012704584
26.198468281803578
26.042470393398595
22.478655675162344
23.793423969077878
24.087980600143624
24.428688607088944
23.882131992322368
25.071014182809847
25.140995353946273
25.749295530739925
26.1795064697249
26.123294459962544
26.249046668337233
26.617981055818166
26.212507418099353
26.056901355748202
22.487539349024573
23.804727178487745
24.099077982819654
24.441622323224223
23.894118929539978
25.085677789072452
25.155540902568422
25.765761487027746
26.19809680479726
26.14149252597874
26.267580933173438
26.63822636342555
26.23202954952096
26.076584835261524
22.49376465228995
23.812839266577612
24.107022020273277
24.450305280943837
23.902383305480132
25.098145360523272
25.168031766761462
25.778194893977794
26.211494515488386
26.154945254590547
26.28119240363681
26.652678311605566
26.2456507710962
26.090608264733966
22.502999020632334
23.825880962404
24.117242482792324
24.46338139767615
23.913027595440315
25.110948982342993
25.179499747280733
25.779376155058053
26.218012883675964
26.16232174006397
26.28952368068011
26.664793467485268
26.255044485546197
26.1008959130253
22.502473848094002
23.824209423123854
24.12039965041176
24.463702718240796
23.916837470554647
25.113528046375123
25.185365987845923
25.80351684480479
26.237653325702528
26.18055668252621
26.308050146292725
26.680673996666176
26.274184804977477
26.119909195084404
22.502769500082607
23.824446433547628
24.123409941931055
24.463982808457104
23.919337988446095
25.11531961145002
25.189239668869643
25.82061561792292
26.252175332159247
26.193841995990034
26.321450512466132
26.692206503387364
26.288309955860942
26.134083108284894
22.51259093137225
23.838232941399887
24.133632683456046
24.479096231537078
23.931415752165826
25.133401184199958
25.205458942153648
25.822783677574876
26.259661602830548
26.20242406598764
26.330367704728168
26.705023600686825
26.297405718864596
26.144010604185844
22.517233512242527
23.844789914651965
24.13982009179668
24.486241711758385
23.9383221575478
25.139813219316967
25.211836966802725
25.828112574696046
26.26648302760588
26.2092955635
26.33775264000406
26.713701751607005
26.305830304861544
26.15280847647628
22.518474766420738
23.84645202875084
24.144724738022433
24.488229053858245
23.94255965172381
25.144681744935838
25.219049560341293
25.849857931256352
26.28548137089586
26.227251820548037
26.355890600297638
26.72992177989195
26.32409566463081
26.17093663406052
22.524248418530533
23.85488376530576
24.152120913306515
24.497108021296825
23.94992879269905
25.153247059449214
25.22713073110753
25.85245715433176
26.2911511321433
26.23316549396592
26.362254060741577
26.73846874268848
26.331214693646533
26.17861600784996
22.528016048585428
23.86000003200777
24.156314073709506
24.50224818462457
23.954712774649977
25.16186756126312
25.235783157313566
25.86005126571576
26.29946477868746
26.241617599926553
26.3705991778275
26.747235556243968
26.339560525369492
26.18743775396269
22.52581856825058
23.855745144518302
24.146208728424014
24.495273435593546
23.945756883057157
25.154709868235457
25.22675053143291
25.823695357095517
26.265190630717186
26.210476550335574
26.339268237080386
26.716270361771418
26.306275753056145
26.15600386116318
22.531347577280233
23.864823730722946
24.165286050351465
24.508548493311718
23.96405686503698
25.16667409103086
25.243562266951322
25.88285152077725
26.320213115845608
26.260887975583284
26.391265432778106
26.767048955468237
26.361738884868853
26.210232970307256
22.536691955027166
23.87193029584871
24.171180200539435
24.515219926797243
23.96998945205811
25.176341239639694
25.253077253230604
25.890896726057964
26.329888694862408
26.271042715440835
26.401574455704928
26.77861161459836
26.372291802637612
26.22097274157497
22.53538378166894
23.869103186871016
24.171530681501157
24.51359898403922
23.970806682737
25.174647648857974
25.253736493042933
25.900918626432926
26.33656697035914
26.276939967099576
26.407858813932464
26.782382719779438
26.37838844535383
26.227471775081515
22.536181898310925
23.870258679055148
24.174390381552445
24.514088609786388
23.9724437503747
25.17630536359427
25.25641100475878
25.913506421025822
26.347512203810158
26.28700500837735
26.417933026385413
26.7909587486273
26.388302066683494
26.237182967809627
22.540729517463287
23.87827675261154
24.181419858763594
24.522454596649908
23.98002377040363
25.185580503332115
25.26537221401123
25.918250470726928
26.354980831184704
26.294705064249417
26.42611886068533
26.80126506700778
26.39726261203574
26.246484657897756
22.545236884462575
23.88607672590367
24.183561784722286
24.529933838865027
23.983572578544553
25.194978942879573
25.271783974626764
25.899357062593488
26.342000555594648
26.283953928934853
26.41517710379912
26.79447717860081
26.386070618742558
26.23653817209359
22.54671908820004
23.88760830182267
24.19007417699751
24.531849590478302
23.98884616495553
25.19728406333627
25.277412857448052
25.930628363018307
26.368746476836616
26.30850734306843
26.44050528945492
26.81710360898094
26.412482197171048
26.262490544585695
22.541821391163914
23.880594292877277
24.186231164484905
24.523621916571884
23.983959161345027
25.185633606373386
25.268746125654637
25.9339958844685
26.367231678469842
26.306306593346296
26.438702848476876
26.811081332562996
26.409808254803632
26.260026222860724
22.55248270155282
23.896849111023293
24.19870670242509
24.541653802986325
23.998364772031785
25.209915602941305
25.29025201615139
25.944850720878826
26.384428496507365
26.323937666705508
26.456000588338455
26.83369286806869
26.42841373740014
26.27864064086982
22.551578600310684
23.894278988353804
24.19897674215809
24.538999350862884
23.998258184312764
25.205076934731068
25.287529819466418
25.951661851729583
26.38846831514736
26.327348058456995
26.460199836524826
26.835891420602213
26.43251176139244
26.28274919547579
22.554837772424676
23.89961415003117
24.203299939795983
24.54457354786139
24.003329067202692
25.213197780335417
25.29524766263363
25.957094609386733
26.395645312387476
26.334620179023794
26.467487685452475
26.844485912088235
26.440331813536652
26.290707891802274
22.553682642585912
23.897545257959017
24.202392954816673
24.54193748884495
24.001928685222786
25.209296498111716
25.292718760373283
25.959917457709683
26.396465047854917
26.335198287482946
26.468395999642784
26.84370454479755
26.440830136469046
26.291459528905143
22.560439575309257
23.907273598798064
24.209423505670674
24.55343176334141
24.010757263919167
25.22775980459174
25.30875670741732
25.963887814946496
26.404560251524607
26.34405728164353
26.476876881302317
26.855748616462638
26.44964127986079
26.300453715987185
22.55579629449877
23.899779774875597
24.205578626120726
24.545256434264928
24.00610516502745
25.21570202375101
25.29976064113075
25.9708641479699
26.406068123990536
26.344414714588233
26.477754957162634
26.851938108506925
26.450294742378407
26.3016073695181
22.556505923958014
23.901850542728198
24.208179689951393
24.546163637499838
24.007515201517794
25.21571593242147
25.30065215932414
25.974328880305734
26.40921206964652
26.3474050807593
26.481238348975527
26.855134841574856
26.453864697203603
26.3051460652775
22.56227684519619
23.911241575079046
24.216463903578802
24.55711370451523
24.017004024800308
25.22840236073804
25.31246194933806
25.981601383196782
26.420005235301133
26.358391298300166
26.492367322558223
26.869575841277214
26.466212186998195
26.31780140192219
22.565587428434775
23.915657389747686
24.220254940768687
24.561722413129605
24.021315177669265
25.23807630125941
25.321480072639424
25.989953441086406
26.42932076631819
26.367624475570477
26.501225745176672
26.878982252958313
26.4749002673046
26.32629321950202
22.56536387019516
23.915361309197806
24.22130338656099
24.560640408186316
24.02139358874637
25.23765702025356
25.322083104202907
25.99614330720717
26.434263160456837
26.372029798318202
26.50582315765379
26.88247036148943
26.479156261913197
26.330489509769418
22.568202514217926
23.92000874172842
24.220510073404114
24.564967464373503
24.022627792652496
25.247918804475947
25.329748094373848
25.98244031257341
26.424809537772912
26.364781838709643
26.497937565499022
26.87819597900769
26.47143197754806
26.323496798015686
22.567457624159935
23.918379484862818
24.22477612218817
24.564545182560913
24.02572773109915
25.2441522394046
25.329327771241925
26.007732632165173
26.4453485236778
26.38290510336201
26.51688662840788
26.893701425138072
26.49099467970408
26.34251646543588
22.560736869297475
23.908114183291083
24.216737152546624
24.55321246695355
24.017247514740923
25.227197385583565
25.31464271370755
25.997041795490695
26.429833937408787
26.367649966142665
26.502138960541227
26.87440155111516
26.475131616883637
26.327606901962685
22.57357594364729
23.928779006854946
24.23335272709129
24.57478142359835
24.034602312615302
25.259120239043344
25.343330481541642
26.014828486510496
26.456009315417973
26.39410299679053
26.5281186380264
26.90775673388367
26.50286311408492
26.35464685927862
22.573455711995077
23.927333235991345
24.23375469076551
24.574319264548517
24.035420084913866
25.25673987551022
25.341957197115875
26.019076357241342
26.45855280034239
26.396201468032196
26.530598701481157
26.908979307739383
26.505404633940234
26.357271767272742
22.569110449516188
23.920247526307932
24.228540883199273
24.566187823049784
24.029190386281755
25.24722220145756
25.334394621552708
26.01928893227761
26.454888646085386
26.392000151262643
26.526742703221203
26.901610255894727
26.50072778152569
26.35279145846865
22.57813112042895
23.93432492511842
24.239211978171713
24.581768580214657
24.041897167879515
25.268604847704893
25.353400001170055
26.027281724355834
26.468927217089746
26.40670109624948
26.541157514397753
26.921226429581555
26.51611365795913
26.36812676091597
22.577375061669336
23.93334346952831
24.239695548936197
24.58040699928117
24.0418914190377
25.2683686332646
25.3540182222545
26.034911880297607
26.474406667354742
26.41159845168993
26.54606304752689
26.92460097562612
26.52109729382918
26.37308194711732
22.579515244661252
23.937121214360292
24.24279085596748
24.58430624567309
24.045000525340637
25.272242140353214
25.35764715166579
26.034337180724812
26.475987960951404
26.413530375178887
26.548246390837406
26.928363896832376
26.523655575345124
26.375889385524506
22.58062841845542
23.9394604255304
24.24319102391425
24.585670663760077
24.04554000190397
25.27760618830891
25.36191694760678
26.03116535559773
26.47395835138112
26.412143708226484
26.54658657594631
26.927692711356116
26.521353161472913
26.37392443054409
22.58080110566005
23.94014963022802
24.24639644895826
24.587063265818514
24.048118515524788
25.27671057739407
25.362628271820167
26.043748222769768
26.484711263503755
26.421824214388316
26.55656544966467
26.936123730431103
26.53186986179247
26.38453131874957
22.582493486676796
23.94313529923759
24.24680237257063
24.589058480150708
24.04896498752957
25.282526140872417
25.367100567695907
26.03720038269737
26.4803115030952
26.418451598276825
26.553134951667698
26.934531943641172
26.528396883092856
26.381538519914347
22.582611627774334
23.94296657472412
24.24916863085198
24.58915815350334
24.051037898740567
25.28305980852697
25.369145119346776
26.053575154265555
26.493959478454954
26.430695835424537
26.56534590981876
26.94458065094494
26.540776168985534
26.39334398169998
22.580860106632965
23.94012989548279
24.247656211578626
24.586046302143238
24.049326066018565
25.27704255627613
25.364439050073376
26.055472331995247
26.49300808986838
26.429301069701392
26.564055893392844
26.941149005380396
26.539391352051833
26.39210444161901
22.58471951479766
23.94763700262989
24.251454806300277
24.593784324136003
24.054128335810077
25.29033289899449
25.375633638666724
26.049259068340614
26.4923499812715
26.430229023329144
26.564842218733965
26.946259345631386
26.54020990752072
26.393315008003622
22.58243906114882
23.942828490244878
24.250408054391404
24.589006757325333
24.052406833981614
25.282499181795384
25.37019840637243
26.062120465613965
26.499761924854585
26.436056048027712
26.570689224381145
26.947888794246563
26.546285610528635
26.39898174364408
22.585618345369006
23.948796562263695
24.254681657989092
24.59481416081401
24.05707298734284
25.288457496172978
25.37540505538006
26.057561354060987
26.498860115794805
26.43592505357541
26.570885779033862
26.950802456804386
26.54687215655601
26.399953973835174
22.577010390108608
23.933258420298323
24.24254662360814
24.578068159648634
24.043622975266977
25.26653830790283
25.356662456973748
26.053129872127407
26.48605792523172
26.42235106031573
26.557362709476067
26.929523291329375
26.530820028775185
26.384274321371255
22.588534318118995
23.95312950682345
24.25869701279169
24.599871088132684
24.06203905909002
25.297760996676413
25.384471628787526
26.070026794938535
26.511833076438368
26.44842100135641
26.58329756291631
26.963747750596678
26.55958250550397
26.412622496794135
22.588843099681768
23.95288342317906
24.25885711947758
24.598843744104048
24.061587068434328
25.296805874847326
25.384063524682883
26.07362055397782
26.514517255753624
26.450886316266963
26.58566705492157
26.965432145617427
26.561786412088242
26.414562882756318
22.58969914252902
23.954428625188342
24.26089366567906
24.60111929934591
24.063338550817452
25.298927908908002
25.385842130619604
26.07320364209149
26.51508704580397
26.451392778090764
26.586652979177007
26.966922738812134
26.56256900870015
26.415391553715413
22.59005811723872
23.955443919437695
24.262252704225812
24.601749717781455
24.064790474120937
25.301243745096397
25.388733651856477
26.08051127135181
26.521460874235046
26.45752543206449
26.59256220413312
26.972280664050306
26.56885306540631
26.421889854885816
22.591166790112183
23.957095741222798
24.263587887946546
24.603853351733285
24.066553115011697
25.304880872954215
25.392061102957683
26.08164621352529
26.523110308989885
26.459307273515538
26.59428747488221
26.974235569390498
26.570104982858126
26.423128172933154
22.591717404730613
23.958633547118453
24.264853006042483
24.60514873773955
24.067901752654798
25.305026358506485
25.392824969126497
26.083463553644123
26.52461437496809
26.46092464279038
26.5958027894898
26.975381197074114
26.57172512197768
26.425023743626365
22.59258498893488
23.96028947286893
24.26581793641218
24.607257255410065
24.069808089306896
25.310507430185748
25.3976565292956
26.08714377281286
26.528658130050076
26.465027980665685
26.59974104708082
26.979875728548652
26.576039094385123
26.429361243391533
22.593353692202164
23.962622821510134
24.26817368697694
24.608623027845283
24.07107225652996
25.31121088081675
25.398609159370803
26.085818741940717
26.528380499271652
26.464934430418747
26.600029562689283
26.981567863417197
26.577229237357713
26.430950492376216
22.5923868617156
23.959951992354256
24.26713446785097
24.606225359307516
24.069891949489396
25.30781974641249
25.39633334737078
26.092928937984972
26.532518146734194
26.468229091272455
26.603323600750095
26.981614396238257
26.5792457422008
26.4326657979994
22.595165042417065
23.96436738775596
24.27079712496828
24.610358673897423
24.07375206091258
25.314979548052104
25.403117136171215
26.098878397633513
26.539476730893043
26.47530768052068
26.60997265859078
26.989277177060064
26.585794429236127
26.438792803638343
22.592653403291504
23.960916577831277
24.268752901336843
24.606425807124623
24.070710145120948
25.308459392833324
25.397521215819886
26.09660738301414
26.53543502832729
26.47094054718009
26.605807157392135
26.983479719672996
26.581856704398596
26.435293690973474
22.595833903484383
23.966694725850154
24.27205235268274
24.61247297967697
24.075032019355888
25.318917357659785
25.40659872753627
26.095503863510068
26.538138510509096
26.47452902608593
26.60944268290822
26.990998523975552
26.586920274500105
26.44068104260044
22.597291095148798
23.969097046963306
24.27381160338972
24.615226276633486
24.077651898497315
25.321174878448705
25.408750881446842
26.097397902248733
26.54085362887333
26.477223809310743
26.61197455084438
26.99354973050889
26.588934987852802
26.44245090757639
22.596963510258995
23.96883232425868
24.27497590858233
24.61460513311988
24.078037140243175
25.320779695546708
25.408954185593302
26.102852663751403
26.54512055599576
26.481060722377272
26.615721049804435
26.99653500291275
26.593165017802114
26.446689053429072
22.597643825052117
23.96942605767577
24.275305674297496
24.615189743913216
24.078079522100463
25.32364459308809
25.411354830158217
26.103111215268804
26.546204627414333
26.482191875408454
26.617287966240806
26.999195676786343
26.594986946905564
26.448688276142487
22.5983604063687
23.970352841029086
24.27499284879906
24.616434774186065
24.079019983125328
25.326192234845408
25.413516793850086
26.098612255787494
26.54299100517937
26.479764653454186
26.614798430896293
26.997772574756155
26.592692648305505
26.446740491802693
22.599757669571623
23.971480777022556
24.277915231089057
24.61769239528451
24.0810645824045
25.32749842329604
25.41569022887536
26.11321929036866
26.55548882032039
26.49089461421989
26.62582228341638
27.006980698721406
26.603457850440368
26.456872848564196
22.599152999517447
23.97067655023732
24.276454255469748
24.616971617858802
24.07947088530687
25.327021004101553
25.41486829864103
26.102417384950275
26.546744745981773
26.483234870967284
26.618690612760414
27.00143012042781
26.59626013250226
26.450272755736652
22.599645511508626
23.97122250734187
24.277638460742562
24.617951930989864
24.08111349498603
25.328990133233088
25.416893851157415
26.107548374549864
26.551062761777366
26.487342641864124
26.622685141736703
27.005063800471635
26.600372980634436
26.45426611486287
22.59913422028616
23.968965756386808
24.277337542180145
24.616447395194676
24.080625016467536
25.32730030029406
25.416121165259728
26.117010433424426
26.55829205348719
26.493514211853693
26.628563163006763
27.0091052848335
26.606422481341426
26.459914267921018
22.599199515290138
23.968952839358593
24.2760347737522
24.616154712098215
24.07940111378514
25.328983198955328
25.417186910192562
26.109437629004997
26.55240594532026
26.48860405623741
26.62399845676696
27.005974833886057
26.601970757072404
26.4560645156942
22.596499843775824
23.963436968252903
24.272653371397286
24.611112321100713
24.076492925837
25.32009433648035
25.410264563405786
26.115677284451678
26.55369707053818
26.488887308778043
26.624009762200174
27.00150387410528
26.60119666968494
26.455317572966553
22.598052593179446
23.969368918151996
24.273664537368393
24.61508656689457
24.077930222275523
25.32871693971985
25.416380394846957
26.096014489126652
26.54040222038998
26.47829293037359
26.613669357667643
26.99671329799256
26.59101236905387
26.446031067012306
22.60062393063498
23.97244947835103
24.278866657258636
24.620392365871854
24.08328140571678
25.33433500836038
25.4223020224087
26.113003157013004
26.55721352309383
26.493762866201344
26.62905384058515
27.01232028408485
26.60713244315172
26.461638449385884
22.598018927544153
23.966290128434885
24.275480189397104
24.61428730030533
24.079654573431505
25.32564657651184
25.415610071057138
26.123025790110763
26.561088007600247
26.496086331226213
26.631056909402023
27.008823728456232
26.60810845176254
26.462062869595094
22.602691773478444
23.974936046151626
24.2823066157801
24.622615554576026
24.08682229416276
25.337006793287575
25.42596075268208
26.127532540271908
26.56981896761988
26.50500807290846
26.640154951077317
27.02168658751104
26.618500041820766
26.4722629754168
22.60092195155947
23.971981506097553
24.27991229021008
24.61956506736548
24.08421745918317
25.332109854736974
25.42172434161526
26.125426966041072
26.56610664270972
26.501430352433385
26.636439765872545
27.016776921966542
26.614863170638117
26.468857291568952
22.60088428339491
23.973049721486504
24.281053401888425
24.620148103574774
24.08471592129597
25.332070240390433
25.421992920874324
26.12715278046109
26.566990872137797
26.502135995832173
26.63692618844768
27.01573107455411
26.61422628604827
26.468450893726754
22.6033779392005
23.97856790520885
24.285378573130654
24.625814132996183
24.089545713493926
25.340627032783203
25.429583003231123
26.12936441279467
26.57189625693199
26.507358900546386
26.6423350011402
27.02393441166161
26.62064587116581
26.47496884490477
22.603432878459934
23.977742894129943
24.28556058122049
24.624101606618567
24.088867491316876
25.338062927330338
25.427836913805013
26.13393749132441
26.575069874424738
26.5100165226895
26.64499202373976
27.025695510347408
26.623688088885537
26.477807539924658
22.600732217079642
23.975056131990165
24.279565416535007
24.620756430863544
24.08399736673046
25.33670401566363
25.424922003670073
26.10886158207616
26.552897248067502
26.490360718865794
26.625677263697092
27.00902457804034
26.60379136877959
26.459014958221747
22.602913729747858
23.975052068057735
24.28413677999028
24.62246391199666
24.08725206913301
25.337084622017773
25.427057907819734
26.13459584708039
26.5748083987353
26.509643319028676
26.644562607138038
27.023967029915713
26.622290819371685
26.476253733037236
22.60400760693365
23.97795137607705
24.28498310227732
24.625794600442912
24.089599854829697
25.34299521711461
25.432101157650468
26.130412571857377
26.573736613888027
26.509479506185272
26.644696061285277
27.02731461414483
26.623449083965355
26.4780279445425
22.60428751267808
23.978918427719798
24.28661069353674
24.62602449353212
24.090132623191334
25.341924500220262
25.43147648054823
26.133566773989347
26.57624107523666
26.511585263019203
26.64691991063711
27.029034759024984
26.625856428002635
26.48055178393173
22.598765847390748
23.973404712061466
24.276379898596115
24.617281937270466
24.080722440607648
25.33410683712405
25.42234451716843
26.098243066827123
26.542479816791946
26.48115202404079
26.61654561145591
26.999741761135738
26.59426609331706
26.450212205060485
22.60552584909413
23.982189976624763
24.28905381279976
24.62848462126372
24.09292064864105
25.34541865444581
25.434956924905105
26.13975639050691
26.58158150034736
26.516680317969236
26.65149726939078
27.032670760067024
26.629954912205896
26.48407580259937
22.60696021705746
23.984790384372907
24.29060987211712
24.630763484290142
24.094560258984785
25.349966399143252
25.439034087250207
26.137407936907568
26.581685908960193
26.517266696586688
26.65249790255301
27.035620949648887
26.63143733059308
26.485885864198774
22.607131586266842
23.98517135978814
24.292274520165844
24.631388208573185
24.095653872192383
25.349125520827286
25.438677050619287
26.142947944863025
26.586444660381
26.521531337960056
26.656530381553083
27.03892933279189
26.636144478678418
26.490462737103435
22.6050837751278
23.980187996014912
24.2886845799262
24.627037368061522
24.09219153095045
25.342141159633417
25.43276808980641
26.142346985094875
26.582943934795345
26.517788159150303
26.65265547390568
27.0324462308887
26.631401391621914
26.485772366115242
22.607338806719035
23.985424149723134
24.291657812069662
24.63186301204992
24.095875778429797
25.351437918646994
25.44077206663881
26.143044550971076
26.58606622051057
26.52134610119729
26.656013041835255
27.038405880522223
26.63491645751818
26.489464398799353
22.603135194438128
23.982318520424485
24.285952817316232
24.626630136223312
24.0896970825631
25.34552366408902
25.43419054509129
26.119036118009166
26.564333269325076
26.50175820958132
26.63679902890812
27.02043839343078
26.615211680035216
26.470802232030884
22.607624137826484
23.98637436108573
24.293727729901764
24.633353026172074
24.09756209732409
25.350822958555554
25.441237124756018
26.150303533898523
26.592771448477777
26.527327583945453
26.661972909793118
27.043043874097236
26.640917595709293
26.495445496469877
22.607145575635382
23.988728290995272
24.29413266246583
24.63459064602801
24.097918316277468
25.353587137236797
25.44288577264973
26.14085959387339
26.585510160531854
26.52125804177611
26.656233267312487
27.040084576996875
26.636259267257465
26.491529122191974
22.60601894387259
23.98531133637466
24.29073552665326
24.630893650629673
24.095362845455092
25.35130091370094
25.440834462508466
26.140971107091765
26.584366327915674
26.519957573787728
26.654904076096997
27.037921050342145
26.635006741594204
26.490336606466904
22.608646639512855
23.989349787840823
24.29586751598768
24.635608137188544
24.09980868227678
25.356272675482387
25.44582717483439
26.150748850087062
26.594570493429995
26.52960230035664
26.664317420459703
27.046723866517496
26.64351885258463
26.497926020335704
22.60849977701981
23.9870850078285
24.294371320703217
24.63403388352386
24.098875939877665
25.35288316552445
25.443226568250136
26.15287739937203
26.59494400846466
26.529591375063056
26.66442362453355
27.045735972634116
26.643902946571377
26.49872427807482
22.60211334825351
23.97632088590697
24.28541067743866
24.62183087694251
24.088390264580624
25.336791096413105
25.428648259624673
26.143114762715534
26.580756999368376
26.5153540065126
26.650048746577355
27.02648476297212
26.62839419442412
26.48336389342054
22.608473492151944
23.987881044964375
24.295001242082463
24.63482559735914
24.099237465529235
25.355765474214234
25.445592988829656
26.15089178578264
26.5944464670583
26.529630718839126
26.664655110824835
27.04766314308829
26.64481776923734
26.499740319791872
22.609736977362104
23.98918326823275
24.29715688896114
24.63663590034391
24.101000059033264
25.356898449651883
25.44715292384631
26.155671261287093
26.599160742323072
26.53392884708243
26.66883215430067
27.051252290942845
26.648494851651225
26.503038590996688
22.60785015421113
23.988054392626413
24.293825432203594
24.634912898889496
24.098636978702594
25.357016019034074
25.44664687748096
26.14375407795234
26.588481259289935
26.52458182206624
26.659708654028762
27.043746275801002
26.639820731927042
26.49543320625304
22.607182083317188
23.986659788962815
24.295228106889066
24.632507840526507
24.09832445579665
25.351290895685437
25.442430185432396
26.15783599504629
26.59831461840376
26.532599294333018
26.667108487783835
27.046736511841484
26.646927956111277
26.5019226518346
22.609756333383256
23.99182990739621
24.29900057246772
24.637821472875203
24.10222570874615
25.35930646777095
25.449241918574394
26.15407075435672
26.59855467807352
26.533723970563237
26.668849201227953
27.05257326243863
26.64949439443453
26.50501793085971
22.61013943559388
23.99050934936984
24.298646604351223
24.636593685408027
24.10152455500864
25.358591959196662
25.44902756445762
26.16021128968169
26.603314398353366
26.53774747568834
26.672494706777762
27.054787100340075
26.652517596313412
26.507228409912607
22.61040508851893
23.990716428504747
24.29814839531524
24.638100929496005
24.102266847732785
25.360196317148933
25.450553824395197
26.156668302235765
26.601015205732764
26.53611814631021
26.671207138033882
27.05450175605453
26.651055751044357
26.506282986550104
22.609959188775463
23.9905302539239
24.296497492538734
24.637628749729974
24.101428871743817
25.360827782881028
25.45067265955789
26.15174061889016
26.596738937368585
26.532456447513635
26.667446855469162
27.05177302801613
26.647850352894896
26.50344549079864
22.611224781362083
23.991247570361214
24.29838218257431
24.638662380316923
24.103184173130046
25.361926159964238
25.45211782151605
26.15948687553935
26.603257479908866
26.53817854346197
26.673229281731064
27.056534189744387
26.653617000771074
26.508558013398705
22.61110545672743
23.990732416920387
24.298381559680937
24.639173007252296
24.103674114704766
25.362668634361366
25.45313309019168
26.16140793889793
26.605537744809595
26.540428862408014
26.675602077745847
27.059287022753324
26.656690456797268
26.5119354785515
22.609566750816207
23.99037243798778
24.296765536080787
24.637492361864307
24.101624101763072
25.361380429597492
25.45174203726649
26.154606489297265
26.598892886260654
26.534425086986253
26.669634542231503
27.053646963400553
26.650477847925206
26.506131811485684
22.610554326727637
23.9899027975514
24.298041377417118
24.63852365586033
24.10345650717045
25.362582995079606
25.453139213907825
26.16373444745294
26.60676561870413
26.541388050564127
26.676531160670105
27.059652511506457
26.657847695735686
26.513278400088023
22.608719842588517
23.986664760380684
24.295081139880647
24.633455271565268
24.0993712992897
25.354289086207785
25.44592863017404
26.16111556365201
26.60132253112651
26.53563884655501
26.670268287059432
27.04986837253654
26.650263843305154
26.50569348050656
22.6098481671391
23.99017643184412
24.298123975196972
24.637670190512388
24.102982024837086
25.359467084416092
25.45063396872831
26.166007812613262
26.607265815989983
26.541545034939986
26.67614158984237
27.056920540385477
26.656594304856167
26.511786403964887
22.611371733833842
23.993629025358246
24.30005233023856
24.640973218836173
24.10527947365145
25.364377348531466
25.454447295787244
26.160982283055997
26.60508885190764
26.539985016043925
26.674988900501997
27.05860689859557
26.655273315692135
26.510397405475032
22.604185606447615
23.978675661613035
24.28788624009914
24.623747499642626
24.091125478460373
25.343187287850853
25.435753948846656
26.15343422753376
26.589799444171877
26.52411845535766
26.658668764640925
27.03491577737501
26.637820098964596
26.49370556025304
22.610186611190603
23.99153921559986
24.29874436688189
24.638807738173906
24.10329393230786
25.36362622237637
25.454143637873802
26.159952793207953
26.60423941225565
26.539659537703564
26.674815166152747
27.059116171579593
26.656142809778693
26.512221827289107
22.610722838176507
23.99166229171085
24.29943098439388
24.63812460954463
24.10340307295736
25.362753675715933
25.45375045813191
26.16558325263302
26.608284646178415
26.5430293022557
26.67810826450517
27.06058429061248
26.65884251350373
26.514557801323694
22.611268267284288
23.991906805491368
24.299490818140537
24.639325953028766
24.104428544451025
25.363878719671604
25.455095330592485
26.16834889900801
26.61049500074654
26.54507110018843
26.6802900597894
27.062860734889217
26.661618650099044
26.517501373471735
22.612543370934123
23.995382162191348
24.302055877341314
24.642576126409644
24.107233072399442
25.366807145968732
25.457422042022152
26.16616819790194
26.61065920384504
26.545518439758315
26.680382668664922
27.064618626983613
26.662097053077982
26.517833533838285
22.61232708045416
23.99321831222744
24.301224338701033
24.641359595224106
24.106242256652
25.36528914233862
25.456285256203046
26.169497835300298
26.612685685455734
26.547145310908785
26.68206526632684
27.065123035298196
26.663302806868366
26.51869978879025
22.61251342997162
23.993422261836407
24.302006866792
24.64175684225445
24.106829639444673
25.366641431793408
25.457824305278507
26.17298429116459
26.61616725756641
26.55043397910527
26.685373780468034
27.068633148936243
26.66712342296863
26.52240495943152
22.61173301608963
23.99371601082991
24.30058654650847
24.641441611168023
24.10614790195873
25.366834515520566
25.457486145779367
26.165861684891947
26.61048200986828
26.545556345945915
26.680539138134122
27.064993905148953
26.6625077095631
26.518354407570296
22.60925468825823
23.991698636359274
24.297438193548214
24.6377640502264
24.102378786627675
25.3638812414404
25.45432883633695
26.15753229246207
26.601663294118374
26.537393877758195
26.672576971053356
27.05705873219718
26.654329870155284
26.510914129518227
22.611857260558914
23.99494468074935
24.30180410675561
24.64186146324273
24.106373304169438
25.367731572283546
25.45830362052255
26.1659936199813
26.611214024689914
26.54640957661521
26.681577301770915
27.06642155564531
26.663402568073057
26.519291197093203
22.611773979798933
23.99394056923708
24.30183414409539
24.641106650589595
24.106027524535897
25.365321379015725
25.456637594840995
26.169519500414054
26.61305911455262
26.547842642434308
26.68280116190591
27.06613332996076
26.664412552079003
26.520203701310532
22.611960058691658
23.99349147650335
24.30070490974803
24.64074934060379
24.10584913875119
25.36777680232991
25.4584105812446
26.165874264695972
26.610667285824448
26.54590767055073
26.681071633675938
27.06578149926251
26.662999677538377
26.51884832533919
22.61370558226984
23.99623002508379
24.303945546080644
24.64470330602623
24.10957829982197
25.37045420343757
25.46186207046176
26.177618691207968
26.621443884745915
26.55577410763585
26.69061020062235
27.074372164899003
26.672918549579297
26.528486087107204
22.603305315627253
23.983335457493638
24.28745798922891
24.628068023380436
24.092643963687316
25.351113647698355
25.44203311335018
26.12785042665971
26.57196967956877
26.510185724253525
26.645667160773232
27.029678721388525
26.626682668469506
26.484617465172185
22.613657852441648
23.996130254242047
24.30367745108916
24.64380845344825
24.108560557514025
25.370826571914876
25.461628952720414
26.17110690628131
26.61568444280123
26.550541097784418
26.685659119813796
27.070305163969834
26.667550441164586
26.52325256443521
22.612999262874073
23.993967820298092
24.301563135626026
24.642724387526027
24.107942792341305
25.367947842305824
25.459744194024868
26.17570867550176
26.61797307812356
26.552511280925206
26.68717913538429
27.06919311358912
26.66864055623684
26.524358159602006
22.612738228207462
23.99526406015513
24.303615459455852
24.643303391438998
24.10863674611652
25.368533889479608
25.460305433045114
26.177544876224676
26.62030368577258
26.5545410061167
26.68924105121606
27.071397104013254
26.67110237559545
26.52700723726013
22.609551570447884
23.991874101188312
24.298545395611075
24.637661616353938
24.102402525089868
25.36376568025321
25.45472576463148
26.15884751569885
26.602771162461504
26.538511099595645
26.673570250456784
27.05715583373713
26.65439858957236
26.51061266167267
22.612451638675253
23.995284087564663
24.302271902565696
24.643199366071734
24.1080333286386
25.370464686709663
25.461513514049077
26.172723521410838
26.61695389644134
26.551882674544334
26.68694477527419
27.07141659642509
26.669509199038494
26.525783474527138
22.61332466070778
23.996049075643256
24.30420607513753
24.64385257951532
24.109333294261393
25.369516485034946
25.46101517299251
26.17881843782148
26.62157722486127
26.555887287841422
26.69059647730777
27.073387961663887
26.672537167959288
26.52795374441709
22.605827904058668
23.987631484887654
24.292201525265654
24.632052788412686
24.09719979344279
25.356732178858582
25.447705305008274
26.14237640228653
26.5865359468934
26.523907677581718
26.65923198298646
27.04301700877914
26.640359995379693
26.49780299920093
22.614550002458046
23.9995091484828
24.307010133796997
24.647017261524958
24.111882660214782
25.37367508597464
25.46499177164929
26.180988517529954
26.62528553404728
26.55956399193417
26.69423422741886
27.078120905187166
26.676377915144204
26.532093773485254
22.613084074763595
23.99644949451291
24.30480383692235
24.643352085494772
24.109217033516558
25.369238344408327
25.46133997476125
26.181951205030586
26.624367958498407
26.558309701040553
26.692685011733797
27.07496778306728
26.675269651364093
26.531358562419893
22.613815914217312
23.997214777696854
24.305234217283473
24.64530335150637
24.110335193428128
25.372199851800655
25.463716726438406
26.178975490289478
26.623300910836058
26.557756898139143
26.69262248074098
27.076861157433658
26.67531441009323
26.53132983978079
22.61318494751532
23.99746960293266
24.30464858323459
24.644363474720045
24.10947917523304
25.373671775975126
25.46483669469908
26.17789851825644
26.622375668415728
26.556948323302613
26.691884344992115
27.076522710683765
26.674749065837336
26.530836073465906
22.613629311268056
23.99866794904735
24.306327463217986
24.647325215629206
24.112161811651664
25.373525006228075
25.46522002947975
26.182097548122663
26.62619615899718
26.560408697421273
26.695195985487477
27.079272617553002
26.677858898061324
26.533994745538312
22.607978743795606
23.98666539716025
24.296105482335964
24.63276418103692
24.099656701343186
25.354733560626368
25.448239565360957
26.170100683544366
26.608275725433558
26.542392650965873
26.676918939088576
27.054615536409177
26.657545640213225
26.513947657147025
22.615731084567678
23.99998682077953
24.307966600322413
24.648158059741633
24.113127258513238
25.37584875933995
25.467458763643606
26.18330780228696
26.627867133317487
26.56217408439455
26.697159718802894
27.082046116441678
26.680374440720072
26.536548338282472
22.61397088997682
23.9948936509649
24.303441067216102
24.64295041807423
24.108257031575302
25.371856835665927
25.46356650717731
26.18054846267915
26.62369706876617
26.558100380727637
26.693282674142516
27.07694927765451
26.675641563574285
26.531478432613888
22.614225355620256
23.994400191565113
24.303990557662217
24.644215889706594
24.10989173370975
25.372523880147735
25.46438214745484
26.183972190569534
26.627504139521662
26.5615620181179
26.696807548419237
27.081060697682975
26.680270072733116
26.536031439536295
22.60926497875492
23.989315318503458
24.296102528352193
24.636198764459856
24.10189259291304
25.364418475784436
25.455458256927148
26.159175306425
26.603503515805187
26.53966274255194
26.674910922435867
27.059764195262613
26.657938383763202
26.514715468563402
22.601578242848714
23.979387666154125
24.283471817088227
24.622895775580858
24.088319977537214
25.34870247605969
25.439816529730543
26.125702504091734
26.568474645784733
26.507226166146353
26.642629017206104
27.0252476873365
26.622651263364403
26.48061944763905
22.614283810064933
23.996575888927133
24.304402542914545
24.64484232335237
24.11032868997401
25.37411637232265
25.465520372146607
26.181596935496657
26.62487540234968
26.559442542229164
26.694258326192394
27.078303780494746
26.676860214728514
26.532641547808716
22.610312592653862
23.98857334534789
24.29791445062321
24.63629353681404
24.10343104928499
25.361271679133537
25.454162001845454
26.178332859346817
26.6171604090619
26.55114592772975
26.685644789333637
27.06439964594316
26.66688629615807
26.522376836011222
22.614545650325965
23.997542570444967
24.306379322079124
24.646050040005715
24.111899192765993
25.37490951746983
25.46676767102438
26.18824070006935
26.63123095612359
26.56521762236222
26.70012301557325
27.0832462235502
26.68275364103724
26.53842662491962
22.614523088466502
23.998124563796473
24.307265887104098
24.647097951384552
24.11233300196269
25.376842070400652
25.46855606741687
26.18781632164501
26.63150077292164
26.56571413459455
26.70052209706137
27.084546921974127
26.68375603872683
26.53985499265977
22.614592655735287
23.99696897432677
24.306194921379774
24.645748760129756
24.111787748296315
25.374220823918417
25.46657454104623
26.188786794245825
26.631251573245624
26.565154545883416
26.699843313806106
27.08301128807206
26.6833673846269
26.539395773483157
22.61480622033639
23.99635049577929
24.305917374062528
24.64618631761982
24.11182121475013
25.37419019014006
25.466708576422114
26.191084886710634
26.63292913620699
26.56668043998087
26.701294595588365
27.08322642842265
26.683673220585696
26.539490382634025
22.614428467940574
23.998103925450778
24.307190423643167
24.647475188417403
24.112872921212833
25.376692106836273
25.468883572066023
26.19009836014297
26.633160776273765
26.567014426234056
26.70172767387653
27.085329015156717
26.685087306550102
26.541317139010495
22.615136692847102
23.99966287917584
24.307405167425344
24.648019924729347
24.11345723132421
25.377417076050904
25.4693255815993
26.1891386480025
26.632558425445396
26.566731632541416
26.70149239324458
27.085555397083088
26.685208257664105
26.541470844977027
