13.84783594145429
17.452269861293704
19.598291097806545
21.24946636486843
22.54455944506613
23.539180171811477
24.348379931651717
25.01024093483282
25.575891216943884
26.049525905961186
26.43835019988248
26.782692594415366
27.08187957526021
27.34749010479343
27.586215429000152
27.809195640620924
28.009596665911005
28.18318588460076
28.338144561065903
28.488479338653093
28.63072940616676
28.755540616139985
28.875909010615967
28.969860648772855
29.08528386948261
29.176015405373583
29.259845421638406
29.3506802511677
29.423407107692622
29.49311798991464
29.565182366921604
29.631107283820015
29.694192484698455
29.745556641456893
29.79663912094761
29.86132092819341
29.915077783309886
29.959928719681013
30.005617641315467
30.053754410593672
30.086535884918234
30.13769656516597
30.17838817583368
30.212953815137286
30.23856536045247
30.287520265686744
30.322203461407344
30.355335116956244
30.388087842269393
30.4092334457565
30.44728478588131
30.47419160953358
30.500114500689797
30.53471819645691
30.55431111738008
30.58451866164937
30.615827076377336
30.640073461801272
30.657160550168353
30.68402181406454
30.708276973577473
30.74003427740194
30.758471670836666
30.778242173219443
30.80577622443336
30.81838847094863
30.83228037756928
30.863572128843227
30.885328818912694
30.904149477631762
30.92598281365911
30.92397631608833
30.96040098500549
30.974812131652268
31.003592543320565
31.011615131642905
31.037956126435365
31.056584366089023
31.07514195467432
31.093588388992558
31.100818179810044
31.1250350857304
31.137703351754737
31.157510334526584
31.181988590300293
31.185761984141926
31.213929598222833
31.21947248494621
31.19040361365749
31.176206549071075
31.280052660515672
31.296128950953744
31.304653805322207
31.179905031053604
31.28387184549104
31.283126880350302
31.346093719262814
31.301426053012886
31.3897696320008
31.325312596218257
