16.723053281346445
17.740768805654614
18.412686653764876
19.048116420952397
19.661712285864166
20.239274610975908
20.777326921844615
21.260057048323034
21.687105967026024
22.060464800157707
22.389692108300896
22.671444143231675
22.924452307970107
23.142272245948643
23.330273249701527
23.498724062092577
23.65173564055485
23.790349988938118
23.91855412735914
24.028107329273578
24.152442248592752
24.256153755513488
24.35380025470416
24.4479272848379
24.53310782021961
24.61428272156045
24.695544123215054
24.764995871123745
24.84386964512808
24.90283147918729
24.96358214286999
25.032957289617986
25.09351905886685
25.147978361711576
25.188474520749327
25.247937994169746
25.292045170100497
25.338573553267146
25.38357005289249
25.423797456902445
25.432372506556145
25.502988519717825
25.541911517639143
25.5693843824738
25.606735644914824
25.637179773195093
25.668664198657634
25.695830106969797
25.71907981362039
25.751445891919634
25.779931840384993
25.801856796323513
25.825094295489755
25.850728165460158
25.87234893947928
25.88667744734357
25.886203054280944
25.92570745124438
25.94591709806136
25.9634866257565
25.983997264726106
26.005048189639393
26.02029839866596
26.03177311637197
26.05142308987343
26.063843304211836
26.07680887027384
26.090812560216385
26.103855910875005
26.117513889685938
26.127115669013364
26.14136386220022
26.150184789949822
26.164969950867143
26.17182388759739
26.183945320659767
26.1897472272144
26.19416025527136
26.214743719717653
26.223004448212674
26.232733368390036
26.242882551533718
26.25091067739629
26.25498620864863
26.26528083803066
26.259683801843426
26.282322231328916
26.288449207220992
26.293875674792105
26.29944649240657
26.29648634054559
26.307471153489278
26.3051120633015
26.32907103345381
26.330350500684382
26.323094885192667
26.30833123169867
26.347123242801647
26.351146508958898
26.351014020731782
26.35536559483367
26.36536659823016
26.36943782885202
26.376781682321468
26.38208707239318
26.368557177721083
26.391144304764676
26.392077691777864
26.398891718020217
26.397438609155255
26.3754734441761
26.392891661434078
26.41055884263492
26.41001058868556
26.41496867331565
26.425866484079304
26.42488482458754
26.42981323279772
26.430445049399548
26.426088336554407
26.43574458737532
26.4381713631611
26.419499606566283
26.44623070600817
26.436252971627933
26.444752007617954
26.451484668113586
26.45462249487911
26.45908179334206
26.454908796648176
26.44736887086761
26.464830371205856
26.469867133054525
26.45988966085452
26.46982779337202
26.467070365943663
26.471166677869952
26.42759565256864
26.4808658595557
26.459693754113225
26.45462437519433
26.48545432628229
26.480210567567717
26.484815160232596
26.473732378886467
26.48644274169173
26.493179944493484
26.485047282105512
26.48864819456074
26.49517735914736
26.469974614406897
26.495130919968805
26.499184030232982
26.490666375718977
26.505242645968945
26.500599653816682
26.503842565747846
26.50920538997168
26.50009965363419
26.49102842385858
26.506524960577035
26.483388696562546
26.51413236371788
26.510972666955862
26.518676597172238
26.518676726346428
26.46797654585094
26.522449176139524
26.522702056199215
26.517909548890824
26.51722141964017
26.518459422982005
26.520663984724024
26.48756380620518
26.5084908345317
26.525589297056722
26.521311503151985
26.52974030979397
26.527521389073094
26.534984115008374
26.531715031213192
26.532699546548194
26.52862186841163
26.532708100211234
26.535130446524168
26.515775139580995
26.533688252125497
26.53226396642687
26.510846103726653
26.53370691182396
26.531328518950932
26.53087262116
26.53218488853755
26.538786422417445
26.529407854451023
26.53810400204375
26.54332950630883
26.537451423391325
26.533248087214186
26.535399315159484
