17.17690954209935
18.309492567529553
19.01704843598379
19.644340660015164
20.21381113415844
20.737983630843893
21.197591653689294
21.610078518325775
21.976074196336103
22.281781818549774
22.55573041721211
22.78968417769917
22.98596877703978
23.179059896459727
23.34545889457392
23.500685376275595
23.64165996823059
23.771935781284817
23.89989227539846
24.016347421583077
24.11612811498535
24.22903454369476
24.325396495617266
24.416939345956354
24.502293308290074
24.593894661953723
24.674570277753197
24.74975610100526
24.825076001583145
24.894909649718613
24.961485470506034
25.025745514054336
25.08270778409109
25.138642290980965
25.194635272226016
25.244387117379222
25.289349066657103
25.342241704811297
25.384882191412903
25.422935340021468
25.46728427950284
25.504358679235533
25.526498624232666
25.574948770566994
25.61074118091155
25.642046265614
25.67402927350951
25.70239433857515
25.728919765013377
25.755583372343903
25.78301134503003
25.80759267474525
25.829111667262595
25.85070962130789
25.871995847400658
25.890959808502803
25.91440719973983
25.925811438240494
25.94834307208848
25.968088808019793
25.97705638642062
26.00065197468394
26.012249879056892
26.032797647451257
26.047462788710142
26.057880136394086
26.07188172271172
26.089260982711185
26.10060028161514
26.110502522557614
26.121058678351574
26.126276147503035
26.143561686760155
26.15530485988266
26.170170178401236
26.17963242368083
26.190808694630487
26.198735044430897
26.20711765480588
26.21699805267173
26.219138509805422
26.229479536342854
26.233135848250676
26.24202559362964
26.245402240492442
26.26550042786577
26.272198521656918
26.28085615374332
26.28837426089559
26.29236179135695
26.29683006839068
26.31130587140451
26.312201312104346
26.307159001274186
26.32468084034515
26.327765715603565
26.34090353353047
26.339662963220267
26.34346599787629
26.354820226045184
26.35298779880883
26.36654088679645
26.36881702294817
26.370645069248155
26.37395721930139
26.378745639335417
26.37507181810069
26.392941039008246
26.39726379775305
26.40085182527378
26.39513459063673
26.400244445913312
26.40043060669049
26.414574406075598
26.42016298491151
26.402074040896924
26.420935995232405
26.42120689462764
26.4347030666913
26.439238989317747
26.431091048296107
26.440390984865505
26.425815119472873
26.440739569162844
26.450791166850852
26.456528900578714
26.447911324384616
26.436151696949008
26.43157303288685
26.446770029351836
26.462921956935617
26.463264002906985
26.467548109565183
26.47031914976406
26.477630857981744
26.47914105933944
26.475085288408724
26.45987536833983
26.46415275952855
26.47597962826925
26.483749036017716
26.475837130854618
26.488703061840198
26.49006088982792
26.483953970628807
26.495421385137416
26.493869611263246
26.489586163912954
26.494354910113053
26.506679856690756
26.497285503583136
26.50711755984911
26.503325810865217
26.509560016343094
26.502581527900727
26.508135817626037
26.514820167459607
26.50286960272901
26.513937465241728
26.51227197978824
26.51398122550779
26.516634893497308
26.507936928786837
26.521539073130636
26.52432692333406
26.520747773624873
26.51841068858427
26.525813910786873
26.526836240632754
26.529034747751744
26.521619913957146
26.52734551753355
26.52795244724234
26.529453809672535
26.53179639958975
26.533226016144045
26.49826907375734
26.53075662050266
26.53634280530016
26.52165845922653
26.528114448678796
26.541500608610384
26.513133775089255
26.54092898920115
26.545627481265736
26.54532797941955
26.532308657726222
26.541917635334585
26.537484426045392
26.537134990214632
26.54743049140899
26.549604647589938
26.546588455805367
26.547280612900582
26.53336668933561
26.54338109174813
26.547576638858082
26.551942723654488
26.55214662648979
26.545113952993837
