14.17228928983126
17.917699900948524
20.324759886097397
22.310286868155078
23.91830764664986
25.21981418776369
26.302960560399
27.24057833586574
28.05342419860708
28.74128358097608
29.345738275054
29.924818154485997
30.37331288030667
30.807121375282843
31.25444093149003
31.613928726397248
31.994074662627863
32.22903191643329
32.60272513362189
32.822097075209655
33.1885436426118
33.28874681063506
33.66680365239665
33.89140917360451
34.066028805444944
34.281188842702704
34.371287036765274
34.697779585828
34.90890000403676
34.98789100104053
35.127312908825814
35.32794890429735
35.55065270588244
35.66450481765206
35.89436156362498
35.88786010538406
36.09954584470245
36.32704509080145
36.42203352820209
36.53519807421233
36.58120645177065
36.73476168308794
36.85204331484359
36.97894400327981
37.02094317971272
37.142304715788306
37.20961532349159
37.357644282791306
37.4471630503178
37.572727653990846
37.554510277895254
37.79114585404257
37.85413249451625
37.770263982828304
37.74744374847213
37.999821913959515
37.94446438192015
38.08775431790079
38.079881491816934
38.069181161856264
38.132314106710396
38.2088455654519
38.18828457615362
38.2365385084854
38.279163205139504
38.209901950811826
38.090441854716794
38.218589418721436
37.91786425402381
38.1992658454729
38.13801570937747
38.10802169125238
37.88574913172356
37.79239071925404
37.91350432490574
37.80831301870125
37.934267453827346
37.87954158588635
37.85275262833096
37.78677389628464
