17.298001539958445
19.98335972336503
21.073268208578856
22.09253043010375
23.009690466969737
23.82687105634098
24.517092258460092
25.075963839969443
25.552211364306412
25.944685714741308
26.263657082277337
26.53338142346113
26.782885898846242
26.996608173806074
27.18831461529405
27.37411592602215
27.54326120786389
27.698304887373524
27.847677791628133
27.966312121233333
28.104344283037083
28.2234445589346
28.349091308209886
28.452309587808408
28.559092879815534
28.659406790641267
28.754448937479854
28.851256475328835
28.937861911695713
29.01023885305415
29.087053268401498
29.16929815559433
29.244317724151273
29.30171485600072
29.373853503024037
29.438129972360123
29.492274834369987
29.54661253083132
29.61111939414909
29.662131278602963
29.71217016046851
29.760382811788013
29.806084624265388
29.84809162058818
29.89676624361129
29.930446865912916
29.97226784487928
30.010421642799976
30.050603185744965
30.08363122665296
30.12056397324087
30.152727190896517
30.169036551130656
30.1737138453927
30.240276022583792
30.274046119198214
30.293662888364288
30.32475233616289
30.287788894508083
30.37822095395914
30.389479896479973
30.421153891942332
30.441358814398722
30.472031409277438
30.490135360761222
30.503197301772264
30.525670347086923
30.526940276850922
30.573950553356223
30.56246216171216
30.590770042465415
30.59841869091635
30.64389949151585
30.651118698240396
30.67660879480743
30.68406683902557
30.698172863599098
30.729517493948286
30.710721074664225
30.745296622668427
30.751245558403177
30.775017964446384
30.79864541537938
30.775285034334413
30.81495065385089
30.829248504052206
30.819941380218015
30.830790329548734
30.86991781714644
30.883429766015485
30.891790059865635
30.882763589316387
30.897284681156425
30.881128841496487
30.933049781578003
30.939976643645927
30.950882306696165
30.95261401162634
30.953712620561898
30.98662544302271
30.984198403726293
30.999859303688062
31.00029242505156
30.9909406612643
31.019953085940966
31.026269643867135
31.04007894689835
31.046348935995773
31.046828476942526
31.04651381128831
31.041360957862576
31.05241490502809
31.07530162186537
31.015403668612354
31.076325349099427
31.053887969060845
31.07950052345234
31.08764181336452
31.070891014953418
31.120238406486074
31.06932028052194
31.069083687461507
31.13407285298993
31.135942779506305
31.12334826278547
31.10865748201832
31.149491991282755
31.125609678263853
31.146457544785935
31.141637231738958
31.14550493281011
31.157138927217282
31.17560418406038
31.16510977997431
31.14907453760485
31.187071855781642
31.153606782723593
31.157556549812444
31.181319190291212
31.197515735480945
31.15978227832054
31.196605571545934
31.193333774595988
31.19783492421231
31.19060579073901
31.198051493454976
31.193030784089252
31.155969529348926
31.177249996284683
31.19831374597781
31.224865043348075
31.164700475833346
31.22245268206802
31.1848025050163
31.227806129416372
31.221259693251255
31.232932644906064
31.235304601634684
31.213213183269495
31.231888545651486
31.22152323606112
31.164702288762197
31.172406863576402
31.22075511517419
31.230643652937054
31.260430446437734
31.249434053089594
31.236995201563037
31.22251519491321
31.248128006067077
31.192203655667623
31.24653748718956
31.234127094789045
31.20618684498361
31.26446167974255
31.253041852485797
31.236834597115422
31.250417536463942
31.277815581673966
31.284696423829722
31.281739615997914
31.255706317357006
31.248037409106242
31.236415073680153
31.22851764182464
31.23609494132258
31.29742086624957
31.283222947742704
31.262138753887236
31.21540610301998
31.294292147998977
31.300871497326273
31.262207966627894
31.293464927968664
31.27737924552569
31.221941743371143
31.27955729727471
31.259728484133422
31.31110163047677
31.302379227856562
