24.810398226939572
25.255412391168814
26.113229877462565
27.42546257395509
28.6105096910783
29.456289619895017
30.121848068838556
30.372922587573626
30.984011514730042
31.223694440257425
31.456502972226872
31.57506042140611
31.2899744421411
31.786520654945836
32.00893169145831
31.748763795876712
32.19864072740084
31.97155436206064
32.16017158939552
32.02789213539175
32.45435854063548
31.995222505142827
32.57556020970486
32.5016879069103
32.58749764645542
32.614654385208524
32.80052084923647
32.70466794495877
32.453793319249364
32.66928855830601
31.252060587279153
32.573894120727914
32.58845807949908
32.637601317199994
32.72860850064872
32.648652695504694
32.78239572992719
32.33795680729634
32.73004167335815
32.93846447774794
33.060830363568435
32.97707588282235
32.81978948308642
32.982753677778796
32.21746400302271
33.052891464479124
33.1879047311514
33.08882912506022
32.89153020822599
32.79023208165176
32.93931955797754
33.244021019227226
32.8643448265038
32.39994883316941
32.98465586706375
32.84918320091262
33.204620830614616
33.16400104203441
33.2915532267844
32.80322798056171
32.91335694555693
33.002008025710715
33.12019841073735
33.19932037780949
33.16203231680559
33.26426410168691
33.24489195031911
33.21991058052768
33.174533295799314
33.27275754210817
33.33169889718054
33.16502037581603
33.244159954896695
32.52509616677123
33.38047311912973
33.14251715201217
33.03831032751547
33.13003603401485
32.76483891194334
33.194553795988995
33.15928424090568
33.334210797553986
33.39038250536316
33.38549654124813
33.115861127776306
30.84916526581795
33.40225595174439
33.33079387560903
33.255827636049226
33.319738113978175
32.85927184254241
32.02170282888339
33.23988936193269
32.791246336587164
33.363577041416605
33.35637219307886
33.18579883996913
33.22606480769344
33.28073586360813
33.21914479946157
33.32612126693605
33.266186928443574
33.28359186827967
33.298539768074015
32.9438413927494
33.18459241469382
33.365108320359205
33.35117110490198
32.664251704972195
32.228241191055
33.43160033047061
33.406741390657764
33.04424307124644
33.390631524603684
33.36897188246551
32.72372446524298
33.30748604994338
33.39555012111525
25.782579454466564
33.12880187689307
33.33956908236072
33.38650719651434
33.12074637440923
33.471331432357516
33.125166261640395
33.25846569223363
33.25566738791486
33.176488955884956
33.41530787213816
33.2175621411522
32.960419446353185
33.33903497872941
33.3206258732262
33.35140822336655
33.37709108184201
33.26403377040179
33.36072474633737
33.40100546619353
33.164614079137706
33.197330458858396
33.277071318242896
32.79207522173152
33.24057710723872
33.340771259096265
33.14698867412824
33.1875516932313
33.308114414750804
33.368086721904284
33.380578413725964
33.453315664596005
33.226520253602146
32.95918460404329
33.1728974634945
33.2827359469612
33.27468588502694
33.459516563611956
33.362820445211845
33.12310462473587
33.35289106997475
33.227013433738
