18.782757049252034
20.399787225920697
21.290405631494092
22.01288713889904
22.603919046186267
23.07299485018177
23.474496374448925
23.823796561647377
24.137440890470284
24.42331293462266
24.677767137384954
24.916745245926652
25.11630295326947
25.316355970529795
25.491076455690866
25.652195171859056
25.804476190740754
25.945739165361328
26.072570599404987
26.189238933865447
26.299626444801117
26.3976866019323
26.490564929318786
26.575146423204643
26.663809005840417
26.733085959669577
26.796306246068145
26.870567978947246
26.93340156773727
26.98816308017388
27.04154627450995
27.094575335433927
27.13814942323766
27.18077658331271
27.229137665506105
27.264637362123242
27.30247566993603
27.339534573905876
27.35084430609634
27.40352020233505
27.425177423182706
27.459696525207097
27.485977452762057
27.496810452607527
27.507467620526917
27.554924150254344
27.575998062149658
27.6046261817763
27.620776983232133
27.639062433831615
27.657794896826683
27.679974033811984
27.685045103660986
27.711295951483546
27.726537057569892
27.742561690048223
27.75379140126127
27.766940095009463
27.774774770116913
27.792143913266102
27.800209085183553
27.803054468779894
27.83017583902882
27.84416581451131
27.85667403351172
27.859588089379564
27.874934272770634
27.892603812126826
27.901688544234453
27.890123007753797
27.920154690664024
27.894112755496884
27.925764659810742
27.94204054897554
27.956809351652762
27.96769319634772
27.936245001374996
27.970788791184166
27.983004726824458
27.98701659722023
27.9991891695208
28.007255247115445
27.989899491394112
27.99746202229579
28.019416305861373
28.01086802474983
28.037574547972643
28.038323030369984
28.050154182331934
28.042147187597774
28.054652338277236
28.055198290929702
28.05612569235534
28.067774300809397
28.08065641513711
28.088588297225954
28.085424104205817
28.087239765552393
28.090360281062097
28.091527596059166
28.092250560172563
28.105787279582028
28.099405713544254
28.11474161701284
28.110191552798796
28.114549408462512
28.128352724442585
28.132242494930967
28.123370407065295
28.128704694345284
28.138906040112204
28.138902935222465
28.1311072566488
28.15806489998726
28.15902591432698
28.159840965191798
28.166493676205032
28.146000907501847
28.160720890313907
28.172520962220144
28.16534907895949
28.171059701877116
28.175603907253993
28.17505709097699
28.16359664615244
28.173497036286044
28.185461826537754
28.17651910397893
28.185788514105063
28.183100385017095
28.19304748728748
28.18832769056217
28.199367213437572
28.159379364103238
28.202071037118568
28.206451433519426
28.20851499831971
28.195246387276875
28.206904233368125
28.202796316076935
28.217576718917392
28.207576460707624
28.216744943070278
28.218092844350192
28.208421062944876
28.20425017723237
28.214194285040758
28.226017035518932
28.21429299860223
28.21639269587296
28.231094200316363
28.22721816775302
28.203011308881493
28.226801214899577
28.229654772419877
28.231140857196625
28.207685186852217
28.215310632748874
28.2418736363282
28.24360837496088
28.241022961980775
28.250050323048104
28.24975852868469
28.24889230591476
28.24183411207915
28.249696357443415
28.251702761682566
28.253528234446097
28.251412427535914
28.233144277651288
28.250573811346914
28.20049417112363
28.241646503755813
28.131098830196976
28.259976318234724
28.25905098384295
28.264480218641015
28.25755336842248
28.266913336519053
28.25327541416717
28.257445668631068
28.26662596493888
28.26201687452701
28.267445344402855
28.254826347355408
28.265864963086234
28.23609656630412
28.271987432978708
28.260628027818065
28.27117572823268
28.27058167534013
28.268781781821605
28.2779781499109
28.250219543803833
28.273378856545943
28.24359805871072
28.24002474818987
28.268505234709497
28.261110413659342
28.271287345603746
